0.000000e+00	7.385211e+02	1.800000e+01	6.018850e+02	-1.490224e+02	1.284088e+01	-1.335203e+02	2.931357e+01	7.433310e+02	7.033540e+02	6.911348e+02	
1.200000e+00	7.352111e+02	1.920000e+01	6.036699e+02	-1.472545e+02	-5.029865e+01	-1.325203e+02	1.208992e+01	7.427307e+02	7.029179e+02	6.907315e+02	
2.400000e+00	7.349668e+02	2.040000e+01	5.843842e+02	-1.454867e+02	-1.768292e+00	-1.315203e+02	2.461368e+01	7.409331e+02	7.016109e+02	6.894493e+02	
3.600000e+00	7.262108e+02	2.160000e+01	5.617527e+02	-1.437189e+02	-5.776354e+01	-1.305203e+02	5.804398e+01	7.379472e+02	6.994363e+02	6.872920e+02	
4.800000e+00	7.213691e+02	2.280000e+01	5.342566e+02	-1.419510e+02	2.277649e+01	-1.295203e+02	9.486730e+01	7.337885e+02	6.963996e+02	6.842653e+02	
6.000000e+00	6.999328e+02	2.400000e+01	5.236945e+02	-1.401832e+02	-9.507373e-01	-1.285203e+02	5.887383e+01	7.284780e+02	6.925085e+02	6.803778e+02	
7.200000e+00	7.055493e+02	2.520000e+01	5.089552e+02	-1.384153e+02	3.705153e+01	-1.275203e+02	3.730224e+01	7.220428e+02	6.877731e+02	6.756399e+02	
8.400000e+00	6.915633e+02	2.640000e+01	4.984440e+02	-1.366475e+02	-1.231127e+01	-1.265203e+02	1.276237e+02	7.145154e+02	6.822055e+02	6.700649e+02	
9.600000e+00	6.818759e+02	2.760000e+01	4.782292e+02	-1.348797e+02	1.580428e+01	-1.255203e+02	1.283093e+02	7.059334e+02	6.758200e+02	6.636680e+02	
1.080000e+01	6.592710e+02	2.880000e+01	4.729534e+02	-1.331118e+02	-1.765526e+01	-1.245203e+02	6.159787e+01	6.963395e+02	6.686332e+02	6.564669e+02	
1.200000e+01	6.619942e+02	3.000000e+01	4.565245e+02	-1.313440e+02	-2.809292e+01	-1.235203e+02	4.449450e+01	6.857809e+02	6.606637e+02	6.484816e+02	
1.320000e+01	6.516247e+02	3.120000e+01	4.318293e+02	-1.295761e+02	-2.254395e+01	-1.225203e+02	1.199369e+02	6.743092e+02	6.519323e+02	6.397343e+02	
1.440000e+01	6.472824e+02	3.240000e+01	4.269029e+02	-1.278083e+02	-1.856368e+01	-1.215203e+02	4.587163e+01	6.619794e+02	6.424620e+02	6.302496e+02	
1.560000e+01	6.326232e+02	3.360000e+01	4.050675e+02	-1.260405e+02	3.289499e+01	-1.205203e+02	3.185135e+01	6.488502e+02	6.322778e+02	6.200540e+02	
1.680000e+01	6.160375e+02	3.480000e+01	3.879689e+02	-1.242726e+02	2.720860e+01	-1.195203e+02	3.491049e+01	6.349829e+02	6.214068e+02	6.091764e+02	
1.800000e+01	6.018850e+02	3.600000e+01	3.773476e+02	-1.225048e+02	1.037875e+02	-1.185203e+02	6.248141e+01	6.204414e+02	6.098782e+02	5.976477e+02	
1.920000e+01	6.036699e+02	3.720000e+01	3.566708e+02	-1.207369e+02	2.654771e+01	-1.175203e+02	-9.545232e+00	6.052913e+02	5.977229e+02	5.855008e+02	
2.040000e+01	5.843842e+02	3.840000e+01	3.265025e+02	-1.189691e+02	4.532635e+01	-1.165203e+02	-3.630890e+01	5.895998e+02	5.849743e+02	5.727709e+02	
2.160000e+01	5.617527e+02	3.960000e+01	3.125883e+02	-1.172013e+02	-4.639495e+01	-1.155203e+02	5.895234e+00	5.734350e+02	5.716671e+02	5.594946e+02	
2.280000e+01	5.342566e+02	4.080000e+01	3.033455e+02	-1.154334e+02	1.473201e+01	-1.145203e+02	5.979660e+00	5.568654e+02	5.578384e+02	5.457109e+02	
2.400000e+01	5.236945e+02	4.200000e+01	2.931164e+02	-1.136656e+02	-2.919231e+01	-1.135203e+02	3.083182e+01	5.399594e+02	5.435266e+02	5.314602e+02	
2.520000e+01	5.089552e+02	4.320000e+01	2.785634e+02	-1.118977e+02	-1.838010e+01	-1.125203e+02	3.606986e+01	5.227851e+02	5.287722e+02	5.167846e+02	
2.640000e+01	4.984440e+02	4.440000e+01	2.636480e+02	-1.101299e+02	-3.029293e+01	-1.115203e+02	6.146062e+01	5.054094e+02	5.136172e+02	5.017280e+02	
2.760000e+01	4.782292e+02	4.560000e+01	2.510112e+02	-1.083621e+02	-2.665559e+00	-1.105203e+02	-4.712535e+00	4.878981e+02	4.981050e+02	4.863354e+02	
2.880000e+01	4.729534e+02	4.680000e+01	2.422083e+02	-1.065942e+02	-9.932061e+00	-1.095203e+02	9.147068e+01	4.703152e+02	4.822808e+02	4.706535e+02	
3.000000e+01	4.565245e+02	4.800000e+01	2.242168e+02	-1.048264e+02	-5.930300e+01	-1.085203e+02	9.392531e+01	4.527223e+02	4.661908e+02	4.547299e+02	
3.120000e+01	4.318293e+02	4.920000e+01	2.088970e+02	-1.030585e+02	-1.234989e+01	-1.075203e+02	4.463867e+01	4.351791e+02	4.498826e+02	4.386131e+02	
3.240000e+01	4.269029e+02	5.040000e+01	1.980555e+02	-1.012907e+02	-1.762484e+01	-1.065203e+02	5.172624e+01	4.177420e+02	4.334049e+02	4.223528e+02	
3.360000e+01	4.050675e+02	5.160000e+01	1.831496e+02	-9.952286e+01	4.210658e+01	-1.055203e+02	4.309530e+01	4.004648e+02	4.168071e+02	4.059990e+02	
3.480000e+01	3.879689e+02	5.280000e+01	1.773376e+02	-9.775502e+01	-1.239160e+01	-1.045203e+02	1.265781e+02	3.833979e+02	4.001395e+02	3.896023e+02	
3.600000e+01	3.773476e+02	5.400000e+01	1.604766e+02	-9.598718e+01	2.975312e+01	-1.035203e+02	1.410056e+02	3.665884e+02	3.834528e+02	3.732133e+02	
3.720000e+01	3.566708e+02	5.520000e+01	1.546833e+02	-9.421934e+01	1.021528e+00	-1.025203e+02	1.371832e+02	3.500796e+02	3.667982e+02	3.568826e+02	
3.840000e+01	3.265025e+02	5.640000e+01	1.432456e+02	-9.245150e+01	6.799755e+01	-1.015203e+02	7.556338e+01	3.339113e+02	3.502268e+02	3.406606e+02	
3.960000e+01	3.125883e+02	5.760000e+01	1.348872e+02	-9.068366e+01	1.762636e+01	-1.005203e+02	-1.266919e+01	3.181196e+02	3.337894e+02	3.245969e+02	
4.080000e+01	3.033455e+02	5.880000e+01	1.293887e+02	-8.891582e+01	4.771529e+01	-9.952029e+01	-2.806647e+01	3.027366e+02	3.175366e+02	3.087401e+02	
4.200000e+01	2.931164e+02	6.000000e+01	1.144932e+02	-8.714799e+01	3.260021e+00	-9.852029e+01	5.303495e+01	2.877908e+02	3.015179e+02	2.931376e+02	
4.320000e+01	2.785634e+02	6.120000e+01	1.127813e+02	-8.538015e+01	2.912362e+01	-9.752029e+01	2.014376e+01	2.733068e+02	2.857817e+02	2.778351e+02	
4.440000e+01	2.636480e+02	6.240000e+01	1.003027e+02	-8.361231e+01	1.723332e+01	-9.652029e+01	3.407999e+00	2.593054e+02	2.703750e+02	2.628765e+02	
4.560000e+01	2.510112e+02	6.360000e+01	9.745503e+01	-8.184447e+01	-1.101020e+01	-9.552029e+01	-5.617077e+01	2.458038e+02	2.553427e+02	2.483032e+02	
4.680000e+01	2.422083e+02	6.480000e+01	8.411203e+01	-8.007663e+01	-4.798142e+01	-9.452029e+01	2.216730e+01	2.328158e+02	2.407274e+02	2.341538e+02	
4.800000e+01	2.242168e+02	6.600000e+01	8.269949e+01	-7.830879e+01	2.746533e+01	-9.352029e+01	5.056066e+01	2.203516e+02	2.265691e+02	2.204641e+02	
4.920000e+01	2.088970e+02	6.720000e+01	8.158031e+01	-7.654095e+01	2.444959e+01	-9.252029e+01	4.098234e+01	2.084182e+02	2.129047e+02	2.072663e+02	
5.040000e+01	1.980555e+02	6.840000e+01	7.543480e+01	-7.477311e+01	3.621973e+01	-9.152029e+01	5.028416e+01	1.970196e+02	1.997672e+02	1.945890e+02	
5.160000e+01	1.831496e+02	6.960000e+01	7.221145e+01	-7.300527e+01	3.843735e+01	-9.052029e+01	4.642560e+01	1.861566e+02	1.871860e+02	1.824568e+02	
5.280000e+01	1.773376e+02	7.080000e+01	6.982891e+01	-7.123743e+01	-9.481326e-01	-8.952029e+01	8.766982e+01	1.758276e+02	1.751861e+02	1.708899e+02	
5.400000e+01	1.604766e+02	7.200000e+01	7.019787e+01	-6.946959e+01	8.519130e+01	-8.852029e+01	1.167306e+02	1.660283e+02	1.637880e+02	1.599043e+02	
5.520000e+01	1.546833e+02	7.320000e+01	5.444960e+01	-6.770175e+01	9.413990e+01	-8.752029e+01	9.025903e+01	1.567521e+02	1.530071e+02	1.495113e+02	
5.640000e+01	1.432456e+02	7.440000e+01	4.879186e+01	-6.593391e+01	1.755490e+01	-8.652029e+01	1.470364e+02	1.479905e+02	1.428540e+02	1.397178e+02	
5.760000e+01	1.348872e+02	7.560000e+01	4.638611e+01	-6.416607e+01	8.750124e+01	-8.552029e+01	1.280264e+02	1.397327e+02	1.333340e+02	1.305259e+02	
5.880000e+01	1.293887e+02	7.680000e+01	4.427639e+01	-6.239823e+01	4.498859e+01	-8.452029e+01	9.305700e+01	1.319667e+02	1.244473e+02	1.219334e+02	
6.000000e+01	1.144932e+02	7.800000e+01	3.418691e+01	-6.063039e+01	6.563721e+00	-8.352029e+01	3.105812e+01	1.246787e+02	1.161891e+02	1.139335e+02	
6.120000e+01	1.127813e+02	7.920000e+01	3.549213e+01	-5.886255e+01	1.221577e+02	-8.252029e+01	6.499980e+01	1.178538e+02	1.085498e+02	1.065156e+02	
6.240000e+01	1.003027e+02	8.040000e+01	4.095598e+01	-5.709471e+01	8.475851e+01	-8.152029e+01	3.013802e+01	1.114760e+02	1.015150e+02	9.966529e+01	
6.360000e+01	9.745503e+01	8.160000e+01	3.464084e+01	-5.532687e+01	1.323558e+02	-8.052029e+01	7.311668e+01	1.055285e+02	9.506655e+01	9.336479e+01	
6.480000e+01	8.411203e+01	8.280000e+01	3.215738e+01	-5.355903e+01	1.429232e+02	-7.952029e+01	6.922072e+01	9.999369e+01	8.918228e+01	8.759335e+01	
6.600000e+01	8.269949e+01	8.400000e+01	3.537215e+01	-5.179119e+01	1.890693e+02	-7.852029e+01	9.325963e+00	9.485361e+01	8.383706e+01	8.232775e+01	
6.720000e+01	8.158031e+01	8.520000e+01	3.849922e+01	-5.002335e+01	2.149595e+02	-7.752029e+01	-2.809460e+00	9.008987e+01	7.900314e+01	7.754278e+01	
6.840000e+01	7.543480e+01	8.640000e+01	4.046653e+01	-4.825552e+01	2.336596e+02	-7.652029e+01	9.122844e+00	8.568390e+01	7.465086e+01	7.321171e+01	
6.960000e+01	7.221145e+01	8.760000e+01	3.824810e+01	-4.648768e+01	3.338434e+02	-7.552029e+01	6.170015e+01	8.161708e+01	7.074918e+01	6.930675e+01	
7.080000e+01	6.982891e+01	8.880000e+01	3.917227e+01	-4.471984e+01	3.183795e+02	-7.452029e+01	1.228941e+02	7.787087e+01	6.726627e+01	6.579955e+01	
7.200000e+01	7.019787e+01	9.000000e+01	3.886203e+01	-4.295200e+01	3.084615e+02	-7.352029e+01	5.578066e+01	7.442689e+01	6.417011e+01	6.266158e+01	
7.320000e+01	5.444960e+01	9.120000e+01	3.956404e+01	-4.118416e+01	3.441692e+02	-7.252029e+01	8.236890e+01	7.126708e+01	6.142890e+01	5.986452e+01	
7.440000e+01	4.879186e+01	9.240000e+01	3.955687e+01	-3.941632e+01	4.259936e+02	-7.152029e+01	8.330574e+01	6.837374e+01	5.901156e+01	5.738061e+01	
7.560000e+01	4.638611e+01	9.360000e+01	3.932985e+01	-3.764848e+01	4.992660e+02	-7.052029e+01	4.747855e+01	6.572964e+01	5.688803e+01	5.518291e+01	
7.680000e+01	4.427639e+01	9.480000e+01	4.033140e+01	-3.588064e+01	4.606157e+02	-6.952029e+01	7.464420e+01	6.331806e+01	5.502960e+01	5.324554e+01	
7.800000e+01	3.418691e+01	9.600000e+01	3.379678e+01	-3.411280e+01	4.508796e+02	-6.852029e+01	5.212181e+01	6.112286e+01	5.340911e+01	5.154389e+01	
7.920000e+01	3.549213e+01	9.720000e+01	4.105962e+01	-3.234496e+01	4.618879e+02	-6.752029e+01	-2.080373e+00	5.912852e+01	5.200114e+01	5.005470e+01	
8.040000e+01	4.095598e+01	9.840000e+01	3.914199e+01	-3.057712e+01	5.334981e+02	-6.652029e+01	4.589220e+01	5.732020e+01	5.078204e+01	4.875620e+01	
8.160000e+01	3.464084e+01	9.960000e+01	3.452228e+01	-2.880928e+01	4.926088e+02	-6.552029e+01	7.728246e+01	5.568371e+01	4.973005e+01	4.762815e+01	
8.280000e+01	3.215738e+01	1.008000e+02	3.686930e+01	-2.704144e+01	5.250519e+02	-6.452029e+01	7.320000e+01	5.420558e+01	4.882525e+01	4.665184e+01	
8.400000e+01	3.537215e+01	1.020000e+02	3.713528e+01	-2.527360e+01	4.696524e+02	-6.352029e+01	1.121427e+02	5.287307e+01	4.804955e+01	4.581010e+01	
8.520000e+01	3.849922e+01	1.032000e+02	3.542705e+01	-2.350576e+01	4.645181e+02	-6.252029e+01	1.267880e+02	5.167412e+01	4.738664e+01	4.508726e+01	
8.640000e+01	4.046653e+01	1.044000e+02	3.891911e+01	-2.173792e+01	5.277901e+02	-6.152029e+01	9.591460e+01	5.059743e+01	4.682186e+01	4.446910e+01	
8.760000e+01	3.824810e+01	1.056000e+02	4.367158e+01	-1.997008e+01	6.034019e+02	-6.052029e+01	1.079864e+02	4.963235e+01	4.634214e+01	4.394276e+01	
8.880000e+01	3.917227e+01	1.068000e+02	4.405188e+01	-1.820224e+01	5.801195e+02	-5.952029e+01	1.352068e+02	4.876897e+01	4.593590e+01	4.349672e+01	
9.000000e+01	3.886203e+01	1.080000e+02	4.099461e+01	-1.643440e+01	5.685067e+02	-5.852029e+01	1.924854e+02	4.799804e+01	4.559287e+01	4.312064e+01	
9.120000e+01	3.956404e+01	1.092000e+02	4.612208e+01	-1.466656e+01	6.979785e+02	-5.752029e+01	1.978223e+02	4.731096e+01	4.530407e+01	4.280534e+01	
9.240000e+01	3.955687e+01	1.104000e+02	4.393400e+01	-1.289872e+01	6.810637e+02	-5.652029e+01	1.579192e+02	4.669976e+01	4.506162e+01	4.254266e+01	
9.360000e+01	3.932985e+01	1.116000e+02	4.343282e+01	-1.113088e+01	6.404519e+02	-5.552029e+01	1.253648e+02	4.615709e+01	4.485864e+01	4.232541e+01	
9.480000e+01	4.033140e+01	1.128000e+02	4.393292e+01	-9.363045e+00	7.339994e+02	-5.452029e+01	1.305876e+02	4.567616e+01	4.468920e+01	4.214725e+01	
9.600000e+01	3.379678e+01	1.140000e+02	4.297800e+01	-7.595206e+00	7.364348e+02	-5.352029e+01	1.688428e+02	4.525076e+01	4.454814e+01	4.200264e+01	
9.720000e+01	4.105962e+01	1.152000e+02	4.551924e+01	-5.827366e+00	7.401523e+02	-5.252029e+01	1.497337e+02	4.487517e+01	4.443102e+01	4.188672e+01	
9.840000e+01	3.914199e+01	1.164000e+02	4.138612e+01	-4.059527e+00	7.508796e+02	-5.152029e+01	1.655901e+02	4.454418e+01	4.433406e+01	4.179529e+01	
9.960000e+01	3.452228e+01	1.176000e+02	4.452994e+01	-2.291687e+00	8.023564e+02	-5.052029e+01	2.174394e+02	4.425304e+01	4.425399e+01	4.172468e+01	
1.008000e+02	3.686930e+01	1.188000e+02	4.438694e+01	-5.238474e-01	7.412632e+02	-4.952029e+01	2.249318e+02	4.399742e+01	4.418806e+01	4.167174e+01	
1.020000e+02	3.713528e+01	1.200000e+02	4.055099e+01	1.243992e+00	6.862089e+02	-4.852029e+01	2.344713e+02	4.377341e+01	4.413391e+01	4.163375e+01	
1.032000e+02	3.542705e+01	1.212000e+02	4.407760e+01	3.011832e+00	6.718365e+02	-4.752029e+01	2.833448e+02	4.357746e+01	4.408955e+01	4.160836e+01	
1.044000e+02	3.891911e+01	1.224000e+02	4.962249e+01	4.779671e+00	7.397688e+02	-4.652029e+01	2.541806e+02	4.340638e+01	4.405332e+01	4.159357e+01	
1.056000e+02	4.367158e+01	1.236000e+02	4.576216e+01	6.547511e+00	6.317422e+02	-4.552029e+01	2.808668e+02	4.325728e+01	4.402380e+01	4.158769e+01	
1.068000e+02	4.405188e+01	1.248000e+02	5.297292e+01	8.315350e+00	6.590673e+02	-4.452029e+01	2.767660e+02	4.312758e+01	4.399981e+01	4.158925e+01	
1.080000e+02	4.099461e+01	1.260000e+02	5.238933e+01	1.008319e+01	6.879125e+02	-4.352029e+01	3.144846e+02	4.301496e+01	4.398037e+01	4.159703e+01	
1.092000e+02	4.612208e+01	1.272000e+02	4.934700e+01	1.185103e+01	7.515287e+02	-4.252029e+01	3.429079e+02	4.291736e+01	4.396465e+01	4.160997e+01	
1.104000e+02	4.393400e+01	1.284000e+02	5.555662e+01	1.361887e+01	6.111356e+02	-4.152029e+01	3.372478e+02	4.283292e+01	4.395198e+01	4.162721e+01	
1.116000e+02	4.343282e+01	1.296000e+02	5.298832e+01	1.538671e+01	6.068305e+02	-4.052029e+01	3.371659e+02	4.276000e+01	4.394179e+01	4.164801e+01	
1.128000e+02	4.393292e+01	1.308000e+02	4.882082e+01	1.715455e+01	6.255840e+02	-3.952029e+01	3.384500e+02	4.269715e+01	4.393362e+01	4.167174e+01	
1.140000e+02	4.297800e+01	1.320000e+02	5.064558e+01	1.892239e+01	6.308150e+02	-3.852029e+01	2.852100e+02	4.264308e+01	4.392708e+01	4.169789e+01	
1.152000e+02	4.551924e+01	1.332000e+02	4.833764e+01	2.069023e+01	5.734114e+02	-3.752029e+01	3.167752e+02	4.259664e+01	4.392187e+01	4.172602e+01	
1.164000e+02	4.138612e+01	1.344000e+02	4.386975e+01	2.245807e+01	5.002056e+02	-3.652029e+01	3.239597e+02	4.255683e+01	4.391772e+01	4.175578e+01	
1.176000e+02	4.452994e+01	1.356000e+02	4.367335e+01	2.422591e+01	5.484415e+02	-3.552029e+01	3.202693e+02	4.252276e+01	4.391442e+01	4.178687e+01	
1.188000e+02	4.438694e+01	1.368000e+02	4.548217e+01	2.599375e+01	5.606993e+02	-3.452029e+01	4.601499e+02	4.249367e+01	4.391181e+01	4.181905e+01	
1.200000e+02	4.055099e+01	1.380000e+02	4.473843e+01	2.776159e+01	4.495480e+02	-3.352029e+01	4.821713e+02	4.246886e+01	4.390976e+01	4.185211e+01	
1.212000e+02	4.407760e+01	1.392000e+02	5.096496e+01	2.952942e+01	4.383488e+02	-3.252029e+01	5.100455e+02	4.244775e+01	4.390813e+01	4.188588e+01	
1.224000e+02	4.962249e+01	1.404000e+02	5.012169e+01	3.129726e+01	4.364452e+02	-3.152029e+01	4.611936e+02	4.242982e+01	4.390686e+01	4.192023e+01	
1.236000e+02	4.576216e+01	1.416000e+02	5.318515e+01	3.306510e+01	3.396668e+02	-3.052029e+01	5.650803e+02	4.241461e+01	4.390586e+01	4.195505e+01	
1.248000e+02	5.297292e+01	1.428000e+02	5.100675e+01	3.483294e+01	2.916448e+02	-2.952029e+01	5.398682e+02	4.240174e+01	4.390508e+01	4.199024e+01	
1.260000e+02	5.238933e+01	1.440000e+02	5.272048e+01	3.660078e+01	3.399876e+02	-2.852029e+01	5.984228e+02	4.239086e+01	4.390447e+01	4.202574e+01	
1.272000e+02	4.934700e+01	1.452000e+02	4.451399e+01	3.836862e+01	2.348803e+02	-2.752029e+01	4.871332e+02	4.238169e+01	4.390400e+01	4.206148e+01	
1.284000e+02	5.555662e+01	1.464000e+02	4.422671e+01	4.013646e+01	2.643075e+02	-2.652029e+01	4.535121e+02	4.237397e+01	4.390364e+01	4.209740e+01	
1.296000e+02	5.298832e+01	1.476000e+02	3.974139e+01	4.190430e+01	3.020422e+02	-2.552029e+01	4.675019e+02	4.236748e+01	4.390335e+01	4.213349e+01	
1.308000e+02	4.882082e+01	1.488000e+02	3.693564e+01	4.367214e+01	3.318202e+02	-2.452029e+01	4.733392e+02	4.236204e+01	4.390313e+01	4.216969e+01	
1.320000e+02	5.064558e+01	1.500000e+02	4.739632e+01	4.543998e+01	2.367229e+02	-2.352029e+01	4.756730e+02	4.235748e+01	4.390297e+01	4.220599e+01	
1.332000e+02	4.833764e+01	1.512000e+02	4.569005e+01	4.720782e+01	1.833290e+02	-2.252029e+01	4.956371e+02	4.235367e+01	4.390284e+01	4.224237e+01	
1.344000e+02	4.386975e+01	1.524000e+02	4.746138e+01	4.897566e+01	2.064503e+02	-2.152029e+01	5.786931e+02	4.235049e+01	4.390274e+01	4.227881e+01	
1.356000e+02	4.367335e+01	1.536000e+02	4.807571e+01	5.074350e+01	2.164283e+02	-2.052029e+01	5.819172e+02	4.234785e+01	4.390266e+01	4.231530e+01	
1.368000e+02	4.548217e+01	1.548000e+02	5.308238e+01	5.251134e+01	2.176503e+02	-1.952029e+01	6.070509e+02	4.234565e+01	4.390260e+01	4.235182e+01	
1.380000e+02	4.473843e+01	1.560000e+02	4.711754e+01	5.427918e+01	1.418200e+02	-1.852029e+01	6.018432e+02	4.234382e+01	4.390256e+01	4.238838e+01	
1.392000e+02	5.096496e+01	1.572000e+02	5.143733e+01	5.604702e+01	2.124840e+02	-1.752029e+01	6.620704e+02	4.234231e+01	4.390253e+01	4.242495e+01	
1.404000e+02	5.012169e+01	1.584000e+02	4.453931e+01	5.781486e+01	1.416894e+02	-1.652029e+01	6.339981e+02	4.234106e+01	4.390250e+01	4.246155e+01	
1.416000e+02	5.318515e+01	1.596000e+02	4.365231e+01	5.958270e+01	1.858396e+02	-1.552029e+01	6.343665e+02	4.234002e+01	4.390248e+01	4.249815e+01	
1.428000e+02	5.100675e+01	1.608000e+02	4.161183e+01	6.135054e+01	1.381667e+02	-1.452029e+01	6.800201e+02	4.233917e+01	4.390247e+01	4.253477e+01	
1.440000e+02	5.272048e+01	1.620000e+02	4.148055e+01	6.311838e+01	1.307562e+02	-1.352029e+01	7.255692e+02	4.233847e+01	4.390246e+01	4.257140e+01	
1.452000e+02	4.451399e+01	1.632000e+02	4.248042e+01	6.488622e+01	8.041222e+01	-1.252029e+01	7.363822e+02	4.233790e+01	4.390245e+01	4.260803e+01	
1.464000e+02	4.422671e+01	1.644000e+02	4.714945e+01	6.665406e+01	6.116259e+01	-1.152029e+01	6.920357e+02	4.233743e+01	4.390245e+01	4.264467e+01	
1.476000e+02	3.974139e+01	1.656000e+02	4.417161e+01	6.842189e+01	7.803703e+01	-1.052029e+01	7.289897e+02	4.233704e+01	4.390244e+01	4.268131e+01	
1.488000e+02	3.693564e+01	1.668000e+02	4.796897e+01	7.018973e+01	3.085966e+01	-9.520294e+00	7.281154e+02	4.233673e+01	4.390244e+01	4.271795e+01	
1.500000e+02	4.739632e+01	1.680000e+02	4.704866e+01	7.195757e+01	-8.252269e+00	-8.520294e+00	7.496751e+02	4.233647e+01	4.390243e+01	4.275460e+01	
1.512000e+02	4.569005e+01	1.692000e+02	5.365469e+01	7.372541e+01	-7.163287e+00	-7.520294e+00	7.543712e+02	4.233626e+01	4.390243e+01	4.279125e+01	
1.524000e+02	4.746138e+01	1.704000e+02	5.814511e+01	7.549325e+01	-2.550624e+01	-6.520294e+00	7.797012e+02	4.233610e+01	4.390243e+01	4.282790e+01	
1.536000e+02	4.807571e+01	1.716000e+02	5.777129e+01	7.726109e+01	-1.515767e+01	-5.520294e+00	7.477027e+02	4.233596e+01	4.390243e+01	4.286455e+01	
1.548000e+02	5.308238e+01	1.728000e+02	5.804102e+01	7.902893e+01	3.490211e+01	-4.520294e+00	7.394700e+02	4.233585e+01	4.390243e+01	4.290120e+01	
1.560000e+02	4.711754e+01	1.740000e+02	5.862117e+01	8.079677e+01	1.201236e+02	-3.520294e+00	7.918110e+02	4.233576e+01	4.390243e+01	4.293785e+01	
1.572000e+02	5.143733e+01	1.752000e+02	5.677957e+01	8.256461e+01	3.953162e+01	-2.520294e+00	7.228277e+02	4.233568e+01	4.390243e+01	4.297450e+01	
1.584000e+02	4.453931e+01	1.764000e+02	5.423301e+01	8.433245e+01	3.543800e+01	-1.520294e+00	7.476447e+02	4.233563e+01	4.390243e+01	4.301116e+01	
1.596000e+02	4.365231e+01	1.776000e+02	4.688318e+01	8.610029e+01	-3.834742e+01	-5.202936e-01	7.412632e+02	4.233558e+01	4.390243e+01	4.304781e+01	
1.608000e+02	4.161183e+01	1.788000e+02	4.065942e+01	8.786813e+01	1.277208e+01	4.797064e-01	7.357790e+02	4.233554e+01	4.390243e+01	4.308446e+01	
1.620000e+02	4.148055e+01	1.800000e+02	4.474827e+01	8.963597e+01	8.607484e+01	1.479706e+00	8.143412e+02	4.233551e+01	4.390243e+01	4.312112e+01	
1.632000e+02	4.248042e+01	1.812000e+02	3.124422e+01	9.140381e+01	7.256394e+01	2.479706e+00	7.347711e+02	4.233549e+01	4.390243e+01	4.315777e+01	
1.644000e+02	4.714945e+01	1.824000e+02	3.276776e+01	9.317165e+01	5.953242e+01	3.479706e+00	7.263566e+02	4.233547e+01	4.390243e+01	4.319442e+01	
1.656000e+02	4.417161e+01	1.836000e+02	2.903818e+01	9.493949e+01	9.018191e+01	4.479706e+00	7.346666e+02	4.233545e+01	4.390243e+01	4.323108e+01	
1.668000e+02	4.796897e+01	1.848000e+02	3.123738e+01	9.670733e+01	-1.545116e+00	5.479706e+00	7.677388e+02	4.233544e+01	4.390243e+01	4.326773e+01	
1.680000e+02	4.704866e+01	1.860000e+02	3.347886e+01	9.847517e+01	-8.560754e+00	6.479706e+00	7.559542e+02	4.233543e+01	4.390243e+01	4.330438e+01	
1.692000e+02	5.365469e+01	1.872000e+02	3.668900e+01	1.002430e+02	-4.066747e+01	7.479706e+00	7.295277e+02	4.233542e+01	4.390243e+01	4.334104e+01	
1.704000e+02	5.814511e+01	1.884000e+02	3.368885e+01	1.020108e+02	-1.602419e+01	8.479706e+00	7.626477e+02	4.233542e+01	4.390243e+01	4.337769e+01	
1.716000e+02	5.777129e+01	1.896000e+02	3.899167e+01	1.037787e+02	4.138581e+01	9.479706e+00	6.994733e+02	4.233541e+01	4.390243e+01	4.341434e+01	
1.728000e+02	5.804102e+01	1.908000e+02	4.056178e+01	1.055465e+02	4.868675e+01	1.047971e+01	7.241759e+02	4.233541e+01	4.390243e+01	4.345100e+01	
1.740000e+02	5.862117e+01	1.920000e+02	3.793085e+01	1.073144e+02	5.520272e+01	1.147971e+01	7.410064e+02	4.233541e+01	4.390243e+01	4.348765e+01	
1.752000e+02	5.677957e+01	1.932000e+02	3.207802e+01	1.090822e+02	7.934662e+01	1.247971e+01	6.844782e+02	4.233540e+01	4.390243e+01	4.352430e+01	
1.764000e+02	5.423301e+01	1.944000e+02	2.926128e+01	1.108500e+02	5.416788e+01	1.347971e+01	7.390955e+02	4.233540e+01	4.390243e+01	4.356096e+01	
1.776000e+02	4.688318e+01	1.956000e+02	2.806744e+01	1.126179e+02	5.726530e+01	1.447971e+01	6.667467e+02	4.233540e+01	4.390243e+01	4.359761e+01	
1.788000e+02	4.065942e+01	1.968000e+02	3.471295e+01	1.143857e+02	6.812955e+01	1.547971e+01	6.615942e+02	4.233540e+01	4.390243e+01	4.363426e+01	
1.800000e+02	4.474827e+01	1.980000e+02	1.766121e+01	1.161536e+02	9.016654e+01	1.647971e+01	6.284499e+02	4.233540e+01	4.390243e+01	4.367092e+01	
1.812000e+02	3.124422e+01	nan	nan	1.179214e+02	6.372263e+01	1.747971e+01	6.966769e+02	4.233540e+01	4.390243e+01	4.370757e+01	
1.824000e+02	3.276776e+01	nan	nan	1.196892e+02	2.979906e+01	1.847971e+01	6.939309e+02	4.233540e+01	4.390243e+01	4.374422e+01	
1.836000e+02	2.903818e+01	nan	nan	1.214571e+02	5.510957e+01	1.947971e+01	5.687954e+02	4.233540e+01	4.390243e+01	4.378088e+01	
1.848000e+02	3.123738e+01	nan	nan	1.232249e+02	1.409111e+02	2.047971e+01	5.674018e+02	4.233540e+01	4.390243e+01	4.381753e+01	
1.860000e+02	3.347886e+01	nan	nan	1.249928e+02	1.324965e+02	2.147971e+01	5.301009e+02	4.233540e+01	4.390243e+01	4.385418e+01	
1.872000e+02	3.668900e+01	nan	nan	1.267606e+02	1.386811e+02	2.247971e+01	5.288398e+02	4.233540e+01	4.390243e+01	4.389084e+01	
1.884000e+02	3.368885e+01	nan	nan	1.285284e+02	8.908990e+01	2.347971e+01	5.189066e+02	4.233540e+01	4.390243e+01	4.392749e+01	
1.896000e+02	3.899167e+01	nan	nan	1.302963e+02	1.274480e+02	2.447971e+01	5.134791e+02	4.233540e+01	4.390243e+01	4.396414e+01	
1.908000e+02	4.056178e+01	nan	nan	1.320641e+02	6.395556e+01	2.547971e+01	4.608566e+02	4.233540e+01	4.390243e+01	4.400080e+01	
1.920000e+02	3.793085e+01	nan	nan	1.338320e+02	8.975957e+01	2.647971e+01	5.224023e+02	4.233540e+01	4.390243e+01	4.403745e+01	
1.932000e+02	3.207802e+01	nan	nan	1.355998e+02	1.088444e+02	2.747971e+01	4.770834e+02	4.233540e+01	4.390243e+01	4.407411e+01	
1.944000e+02	2.926128e+01	nan	nan	1.373676e+02	-3.629232e+01	2.847971e+01	4.592609e+02	4.233540e+01	4.390243e+01	4.411076e+01	
1.956000e+02	2.806744e+01	nan	nan	1.391355e+02	-7.488263e+01	2.947971e+01	4.749855e+02	4.233540e+01	4.390243e+01	4.414741e+01	
1.968000e+02	3.471295e+01	nan	nan	1.409033e+02	-2.566831e+01	3.047971e+01	5.015384e+02	4.233540e+01	4.390243e+01	4.418407e+01	
1.980000e+02	1.766121e+01	nan	nan	1.426712e+02	2.831654e+00	3.147971e+01	4.203592e+02	4.233540e+01	4.390243e+01	4.422072e+01	
1.992000e+02	2.658560e+01	nan	nan	1.444390e+02	3.904877e+00	3.247971e+01	3.739747e+02	4.233540e+01	4.390243e+01	4.425737e+01	
2.004000e+02	2.844720e+01	nan	nan	1.462068e+02	7.086561e+01	3.347971e+01	3.753106e+02	4.233540e+01	4.390243e+01	4.429403e+01	
2.016000e+02	3.865211e+01	nan	nan	1.479747e+02	6.160888e+01	3.447971e+01	3.724913e+02	4.233540e+01	4.390243e+01	4.433068e+01	
2.028000e+02	5.411936e+01	nan	nan	1.497425e+02	-6.160366e+00	3.547971e+01	3.867653e+02	4.233540e+01	4.390243e+01	4.436733e+01	
2.040000e+02	4.987450e+01	nan	nan	1.515104e+02	-9.672519e-01	3.647971e+01	3.649341e+02	4.233540e+01	4.390243e+01	4.440399e+01	
2.052000e+02	5.666300e+01	nan	nan	1.532782e+02	6.499775e+01	3.747971e+01	3.674908e+02	4.233540e+01	4.390243e+01	4.444064e+01	
2.064000e+02	7.253149e+01	nan	nan	1.550460e+02	8.630641e+01	3.847971e+01	3.721130e+02	4.233540e+01	4.390243e+01	4.447729e+01	
2.076000e+02	7.226037e+01	nan	nan	1.568139e+02	9.551485e+01	3.947971e+01	3.459192e+02	4.233540e+01	4.390243e+01	4.451395e+01	
2.088000e+02	7.806175e+01	nan	nan	1.585817e+02	8.580415e+01	4.047971e+01	3.482094e+02	4.233540e+01	4.390243e+01	4.455060e+01	
2.100000e+02	6.663290e+01	nan	nan	nan	nan	4.147971e+01	2.990693e+02	4.233540e+01	4.390243e+01	4.458725e+01	
2.112000e+02	9.168131e+01	nan	nan	nan	nan	4.247971e+01	2.701391e+02	4.233540e+01	4.390243e+01	4.462391e+01	
2.124000e+02	6.132290e+01	nan	nan	nan	nan	4.347971e+01	2.524772e+02	4.233540e+01	4.390243e+01	4.466056e+01	
2.136000e+02	4.254153e+01	nan	nan	nan	nan	4.447971e+01	1.818799e+02	4.233540e+01	4.390243e+01	4.469721e+01	
2.148000e+02	6.402340e+01	nan	nan	nan	nan	4.547971e+01	1.868219e+02	4.233540e+01	4.390243e+01	4.473387e+01	
2.160000e+02	4.190073e+01	nan	nan	nan	nan	4.647971e+01	2.233355e+02	4.233540e+01	4.390243e+01	4.477052e+01	
2.172000e+02	4.804325e+01	nan	nan	nan	nan	4.747971e+01	2.598985e+02	4.233540e+01	4.390243e+01	4.480717e+01	
2.184000e+02	-2.800560e+00	nan	nan	nan	nan	4.847971e+01	2.628031e+02	4.233540e+01	4.390243e+01	4.484383e+01	
nan	nan	nan	nan	nan	nan	4.947971e+01	2.189249e+02	7.059575e-316	9.705711e+189	1.234153e-267	
nan	nan	nan	nan	nan	nan	5.047971e+01	2.160654e+02	5.092790e-313	1.920647e+88	1.236556e-267	
nan	nan	nan	nan	nan	nan	5.147971e+01	2.048888e+02	1.221220e-267	5.083887e-308	7.059573e-316	
nan	nan	nan	nan	nan	nan	5.247971e+01	1.382585e+02	7.059407e-316	1.657856e-260	1.228898e-267	
nan	nan	nan	nan	nan	nan	5.347971e+01	1.770039e+02	3.076894e-312	3.275170e-58	8.487983e-313	
nan	nan	nan	nan	nan	nan	5.447971e+01	1.789621e+02	1.220000e-267	3.597147e+179	1.236519e-267	
nan	nan	nan	nan	nan	nan	5.547971e+01	2.354255e+02	7.059522e-316	1.464178e-306	0.000000e+00	
nan	nan	nan	nan	nan	nan	5.647971e+01	2.219350e+02	5.092790e-313	1.398043e-76	7.059574e-316	
nan	nan	nan	nan	nan	nan	5.747971e+01	1.862760e+02	1.221464e-267	7.364757e+271	1.228908e-267	
nan	nan	nan	nan	nan	nan	5.847971e+01	2.049589e+02	7.059443e-316	2.111417e-52	1.188318e-312	
nan	nan	nan	nan	nan	nan	5.947971e+01	1.973103e+02	5.304989e-313	9.561250e-308	1.235521e-267	
nan	nan	nan	nan	nan	nan	6.047971e+01	2.310072e+02	1.220000e-267	1.152212e-72	0.000000e+00	
nan	nan	nan	nan	nan	nan	6.147971e+01	9.617930e+01	7.059512e-316	3.435054e+179	7.059575e-316	
nan	nan	nan	nan	nan	nan	6.247971e+01	1.095182e+02	5.092790e-313	1.098003e+17	1.235543e-267	
nan	nan	nan	nan	nan	nan	6.347971e+01	5.599497e+01	1.221065e-267	3.376115e-57	1.236644e-267	
nan	nan	nan	nan	nan	nan	6.447971e+01	-4.002504e+00	7.059420e-316	1.116647e+217	1.236644e-267	
nan	nan	nan	nan	nan	nan	6.547971e+01	4.483487e+01	1.039778e-312	1.028980e-71	2.202992e-309	
nan	nan	nan	nan	nan	nan	6.647971e+01	3.061580e+01	1.221080e-267	1.396426e-76	1.233125e-267	
nan	nan	nan	nan	nan	nan	6.747971e+01	3.044840e+01	7.059480e-316	1.815330e-306	0.000000e+00	
nan	nan	nan	nan	nan	nan	6.847971e+01	8.732250e+01	5.304989e-313	6.819006e-38	7.059575e-316	
nan	nan	nan	nan	nan	nan	6.947971e+01	9.558015e+00	1.221280e-267	5.365256e+199	1.228925e-267	
nan	nan	nan	nan	nan	nan	7.047971e+01	-9.078178e-01	7.059547e-316	1.746526e-76	1.188318e-312	
nan	nan	nan	nan	nan	nan	7.147971e+01	5.971684e+01	5.092790e-313	7.325118e+221	1.230581e-267	
nan	nan	nan	nan	nan	nan	7.247971e+01	1.080504e+02	1.221952e-267	1.641825e-306	1.234108e-267	
nan	nan	nan	nan	nan	nan	7.347971e+01	7.746395e+01	7.059590e-316	1.745518e-76	7.059577e-316	
nan	nan	nan	nan	nan	nan	7.447971e+01	8.452357e+01	5.304990e-313	1.506961e+161	1.230603e-267	
nan	nan	nan	nan	nan	nan	7.547971e+01	3.913716e+01	1.221635e-267	2.580174e-57	1.236807e-267	
nan	nan	nan	nan	nan	nan	7.647971e+01	6.631124e+01	7.059606e-316	9.563405e-308	1.237990e-267	
nan	nan	nan	nan	nan	nan	7.747971e+01	9.631617e+01	5.092790e-313	2.406752e-57	2.200955e-309	
nan	nan	nan	nan	nan	nan	7.847971e+01	5.011558e+01	1.221620e-267	1.182951e-76	5.574810e-306	
nan	nan	nan	nan	nan	nan	7.947971e+01	8.252465e+01	7.059583e-316	1.164900e-72	0.000000e+00	
nan	nan	nan	nan	nan	nan	8.047971e+01	8.595177e+00	5.304990e-313	3.115950e+179	7.059578e-316	
nan	nan	nan	nan	nan	nan	8.147971e+01	2.641880e+01	1.221790e-267	6.215803e+169	1.228976e-267	
nan	nan	nan	nan	nan	nan	8.247971e+01	8.144872e+01	7.059593e-316	1.723988e-47	4.265212e-312	
nan	nan	nan	nan	nan	nan	8.347971e+01	7.676204e+01	5.092790e-313	7.185129e+271	5.574810e-306	
nan	nan	nan	nan	nan	nan	8.447971e+01	6.384392e+01	1.221708e-267	2.004973e-52	1.236733e-267	
nan	nan	nan	nan	nan	nan	8.547971e+01	3.236981e+01	7.059582e-316	1.011750e-307	7.059579e-316	
nan	nan	nan	nan	nan	nan	8.647971e+01	7.878893e+01	1.549057e-312	4.851824e-33	1.228992e-267	
nan	nan	nan	nan	nan	nan	8.747971e+01	8.018298e+01	1.221723e-267	9.004964e-308	3.417119e-312	
nan	nan	nan	nan	nan	nan	8.847971e+01	4.459563e+01	7.059603e-316	1.105287e+161	1.237909e-267	
nan	nan	nan	nan	nan	nan	8.947971e+01	-1.215078e+01	1.039778e-312	1.398043e-76	1.236955e-267	
nan	nan	nan	nan	nan	nan	9.047971e+01	6.668736e+01	1.222278e-267	3.141566e+231	7.059579e-316	
nan	nan	nan	nan	nan	nan	9.147971e+01	-2.946303e+01	7.059605e-316	9.188113e-44	1.229009e-267	
nan	nan	nan	nan	nan	nan	9.247971e+01	2.588711e+01	5.304990e-313	3.599689e+179	8.487983e-313	
nan	nan	nan	nan	nan	nan	9.347971e+01	2.729568e+01	1.222300e-267	7.195916e+252	1.237805e-267	
nan	nan	nan	nan	nan	nan	9.447971e+01	2.837724e+00	7.059613e-316	1.951906e+233	1.237953e-267	
nan	nan	nan	nan	nan	nan	9.547971e+01	1.058572e+02	5.092790e-313	4.437377e-38	7.059580e-316	
nan	nan	nan	nan	nan	nan	9.647971e+01	7.722746e+01	1.222152e-267	1.182957e-76	1.229028e-267	
nan	nan	nan	nan	nan	nan	9.747971e+01	8.899927e+01	7.059581e-316	6.085755e+247	1.718817e-312	
nan	nan	nan	nan	nan	nan	9.847971e+01	3.631363e+01	1.039778e-312	1.397370e-76	5.574810e-306	
nan	nan	nan	nan	nan	nan	9.947971e+01	9.060818e+01	1.221790e-267	1.396426e-76	1.236918e-267	
nan	nan	nan	nan	nan	nan	1.004797e+02	3.956687e+01	7.059599e-316	1.623420e+219	7.059581e-316	
nan	nan	nan	nan	nan	nan	1.014797e+02	1.949760e+01	5.092790e-313	2.111429e-52	1.229045e-267	
nan	nan	nan	nan	nan	nan	1.024797e+02	9.010013e+00	1.222174e-267	8.695187e+09	8.487983e-313	
nan	nan	nan	nan	nan	nan	1.034797e+02	1.446032e+01	7.059595e-316	7.252703e+179	1.236881e-267	
nan	nan	nan	nan	nan	nan	1.044797e+02	3.208305e+01	5.092790e-313	9.946058e-43	0.000000e+00	
nan	nan	nan	nan	nan	nan	1.054797e+02	-9.838618e+00	1.221997e-267	1.396426e-76	7.059582e-316	
nan	nan	nan	nan	nan	nan	1.064797e+02	1.286541e+02	7.059579e-316	1.623420e+219	1.229062e-267	
nan	nan	nan	nan	nan	nan	1.074797e+02	1.351001e+02	4.604731e-312	1.178474e-47	8.487983e-313	
nan	nan	nan	nan	nan	nan	1.084797e+02	2.019540e+02	5.574810e-306	1.349618e+241	1.236807e-267	
nan	nan	nan	nan	nan	nan	1.094797e+02	1.889179e+02	7.059607e-316	1.131563e-306	1.237510e-267	
nan	nan	nan	nan	nan	nan	1.104797e+02	1.673211e+02	5.092790e-313	1.041025e-42	7.059583e-316	
nan	nan	nan	nan	nan	nan	1.114797e+02	1.315171e+02	1.221731e-267	4.155033e+151	1.229080e-267	
nan	nan	nan	nan	nan	nan	1.124797e+02	1.463958e+02	7.059600e-316	4.826159e-86	1.719523e-312	
nan	nan	nan	nan	nan	nan	1.134797e+02	1.423218e+02	5.092790e-313	1.212685e-99	5.574810e-306	
nan	nan	nan	nan	nan	nan	1.144797e+02	1.443511e+02	1.222241e-267	7.252808e+179	1.236770e-267	
nan	nan	nan	nan	nan	nan	1.154797e+02	-2.426504e+01	7.059597e-316	4.662506e-62	7.059584e-316	
nan	nan	nan	nan	nan	nan	1.164797e+02	3.374275e+01	5.092790e-313	5.997606e-67	1.229097e-267	
nan	nan	nan	nan	nan	nan	1.174797e+02	1.071169e+02	1.221975e-267	7.043785e+199	8.487983e-313	
nan	nan	nan	nan	nan	nan	1.184797e+02	-3.620494e+00	7.059588e-316	2.897575e-57	1.236770e-267	
nan	nan	nan	nan	nan	nan	1.194797e+02	1.268814e+02	5.304990e-313	6.338491e+30	0.000000e+00	
nan	nan	nan	nan	nan	nan	1.204797e+02	1.834210e+02	1.221723e-267	4.464392e-33	7.059585e-316	
nan	nan	nan	nan	nan	nan	1.214797e+02	1.420883e+02	7.059602e-316	9.156042e-72	1.229117e-267	
nan	nan	nan	nan	nan	nan	1.224797e+02	1.178923e+02	5.092790e-313	7.270573e+175	8.487983e-313	
nan	nan	nan	nan	nan	nan	1.234797e+02	1.229967e+02	1.221775e-267	6.527460e-38	1.237288e-267	
nan	nan	nan	nan	nan	nan	1.244797e+02	1.546943e+02	7.059579e-316	1.636757e+151	7.060024e-316	
nan	nan	nan	nan	nan	nan	1.254797e+02	1.231734e+02	1.549057e-312	3.619746e-86	7.059586e-316	
nan	nan	nan	nan	nan	nan	1.264797e+02	9.090439e+01	1.220000e-267	1.211792e-99	1.229135e-267	
nan	nan	nan	nan	nan	nan	1.274797e+02	1.664085e+02	7.059611e-316	3.153346e+281	3.417119e-312	
nan	nan	nan	nan	nan	nan	1.284797e+02	1.508033e+02	5.092790e-313	1.257801e-71	1.237576e-267	
nan	nan	nan	nan	nan	nan	1.294797e+02	1.120901e+02	1.221864e-267	5.835505e+179	1.237214e-267	
nan	nan	nan	nan	nan	nan	1.304797e+02	1.880923e+02	7.059589e-316	2.347930e-306	7.059587e-316	
nan	nan	nan	nan	nan	nan	1.314797e+02	1.349545e+02	5.092790e-313	1.178212e-47	1.229151e-267	
nan	nan	nan	nan	nan	nan	1.324797e+02	1.267839e+02	1.222196e-267	1.105233e+161	8.487983e-313	
nan	nan	nan	nan	nan	nan	1.334797e+02	1.376393e+02	7.059587e-316	8.606824e-67	1.236807e-267	
nan	nan	nan	nan	nan	nan	1.344797e+02	1.279715e+02	5.092790e-313	8.693090e+09	1.237584e-267	
nan	nan	nan	nan	nan	nan	1.354797e+02	6.531699e+01	-1.251760e-01	1.368566e-71	7.059588e-316	
nan	nan	nan	nan	nan	nan	1.364797e+02	1.106051e+02	7.059578e-316	9.151620e-72	1.229168e-267	
nan	nan	nan	nan	nan	nan	1.374797e+02	1.578844e+02	7.151126e-312	5.006990e-63	1.719523e-312	
nan	nan	nan	nan	nan	nan	1.384797e+02	1.000198e+02	5.574810e-306	3.437586e+179	5.574810e-306	
nan	nan	nan	nan	nan	nan	1.394797e+02	1.248752e+02	7.059609e-316	1.099236e+161	7.060028e-316	
nan	nan	nan	nan	nan	nan	1.404797e+02	6.282419e+01	5.092790e-313	3.888868e-33	7.059589e-316	
nan	nan	nan	nan	nan	nan	1.414797e+02	1.583320e+02	1.221819e-267	4.323276e+96	1.229185e-267	
nan	nan	nan	nan	nan	nan	1.424797e+02	6.808039e+01	7.059601e-316	1.397370e-76	8.487983e-313	
nan	nan	nan	nan	nan	nan	1.434797e+02	1.351442e+02	5.092790e-313	1.396426e-76	1.237103e-267	
nan	nan	nan	nan	nan	nan	1.444797e+02	1.853233e+02	1.222263e-267	8.487983e-313	0.000000e+00	
nan	nan	nan	nan	nan	nan	1.454797e+02	1.767758e+02	7.059591e-316	1.225213e-267	7.059590e-316	
nan	nan	nan	nan	nan	nan	1.464797e+02	2.100988e+02	1.039778e-312	1.225139e-267	1.229201e-267	
nan	nan	nan	nan	nan	nan	1.474797e+02	1.858644e+02	1.221546e-267	7.059468e-316	8.487983e-313	
nan	nan	nan	nan	nan	nan	1.484797e+02	8.856971e+01	7.059608e-316	1.226925e-267	1.237510e-267	
nan	nan	nan	nan	nan	nan	1.494797e+02	1.485982e+02	5.304990e-313	1.188318e-312	1.237694e-267	
nan	nan	nan	nan	nan	nan	1.504797e+02	1.288462e+02	1.222012e-267	1.224977e-267	7.059591e-316	
nan	nan	nan	nan	nan	nan	nan	nan	7.059610e-316	0.000000e+00	1.229216e-267	
nan	nan	nan	nan	nan	nan	nan	nan	5.092790e-313	7.059469e-316	9.358707e-312	
nan	nan	nan	nan	nan	nan	nan	nan	1.221575e-267	5.602347e-67	1.237724e-267	
nan	nan	nan	nan	nan	nan	nan	nan	7.059584e-316	1.229775e-267	1.237362e-267	
nan	nan	nan	nan	nan	nan	nan	nan	5.092790e-313	1.229923e-267	7.059591e-316	
nan	nan	nan	nan	nan	nan	nan	nan	1.221908e-267	1.563911e-311	1.229237e-267	
nan	nan	nan	nan	nan	nan	nan	nan	7.059580e-316	1.233125e-267	8.707243e-313	
nan	nan	nan	nan	nan	nan	nan	nan	3.586173e-312	0.000000e+00	1.236726e-267	
nan	nan	nan	nan	nan	nan	nan	nan	1.220000e-267	7.059469e-316	0.000000e+00	
nan	nan	nan	nan	nan	nan	nan	nan	7.059594e-316	1.226947e-267	7.059593e-316	
nan	nan	nan	nan	nan	nan	nan	nan	5.092790e-313	3.420821e-312	1.229257e-267	
nan	nan	nan	nan	nan	nan	nan	nan	1.222219e-267	5.574810e-306	8.487983e-313	
nan	nan	nan	nan	nan	nan	nan	nan	7.059586e-316	1.229997e-267	1.237288e-267	
nan	nan	nan	nan	nan	nan	nan	nan	5.092790e-313	7.059470e-316	1.237879e-267	
nan	nan	nan	nan	nan	nan	nan	nan	1.222130e-267	1.226960e-267	7.059594e-316	
nan	nan	nan	nan	nan	nan	nan	nan	7.059585e-316	2.571609e-312	1.229285e-267	
nan	nan	nan	nan	nan	nan	nan	nan	2.058336e-312	5.574810e-306	2.567615e-312	
nan	nan	nan	nan	nan	nan	nan	nan	1.220000e-267	1.229886e-267	1.236726e-267	
nan	nan	nan	nan	nan	nan	nan	nan	7.059596e-316	7.059470e-316	0.000000e+00	
nan	nan	nan	nan	nan	nan	nan	nan	5.092790e-313	1.226972e-267	7.059595e-316	
nan	nan	nan	nan	nan	nan	nan	nan	1.221531e-267	8.738485e-313	1.229306e-267	
nan	nan	nan	nan	nan	nan	nan	nan	7.059591e-316	5.574810e-306	8.487983e-313	
nan	nan	nan	nan	nan	nan	nan	nan	1.039778e-312	7.059630e-316	1.237805e-267	
nan	nan	nan	nan	nan	nan	nan	nan	1.221635e-267	7.059471e-316	0.000000e+00	
nan	nan	nan	nan	nan	nan	nan	nan	7.059604e-316	1.226983e-267	7.059596e-316	
nan	nan	nan	nan	nan	nan	nan	nan	5.304990e-313	8.487983e-313	1.229326e-267	
nan	nan	nan	nan	nan	nan	nan	nan	1.221923e-267	1.229812e-267	8.700183e-313	
nan	nan	nan	nan	nan	nan	nan	nan	7.059612e-316	0.000000e+00	1.237576e-267	
nan	nan	nan	nan	nan	nan	nan	nan	5.092790e-313	7.059472e-316	0.000000e+00	
nan	nan	nan	nan	nan	nan	nan	nan	-1.251745e-01	1.226994e-267	7.059597e-316	
nan	nan	nan	nan	nan	nan	nan	nan	7.017784e-316	8.487983e-313	1.229350e-267	
nan	nan	nan	nan	nan	nan	nan	nan	3.702883e-311	1.229997e-267	8.487983e-313	
nan	nan	nan	nan	nan	nan	nan	nan	1.225354e-267	0.000000e+00	1.236955e-267	
nan	nan	nan	nan	nan	nan	nan	nan	0.000000e+00	7.059472e-316	1.237251e-267	
nan	nan	nan	nan	nan	nan	nan	nan	1.159170e-12	1.227003e-267	7.059599e-316	
nan	nan	nan	nan	nan	nan	nan	nan	3.597070e+252	1.719646e-312	1.229371e-267	
nan	nan	nan	nan	nan	nan	nan	nan	2.662526e-260	5.574810e-306	8.487983e-313	
nan	nan	nan	nan	nan	nan	nan	nan	6.591750e+25	0.000000e+00	1.237768e-267	
nan	nan	nan	nan	nan	nan	nan	nan	8.785403e+223	7.059473e-316	0.000000e+00	
nan	nan	nan	nan	nan	nan	nan	nan	9.372784e+252	1.227013e-267	7.059600e-316	
nan	nan	nan	nan	nan	nan	nan	nan	4.682802e+252	8.487983e-313	1.229391e-267	
nan	nan	nan	nan	nan	nan	nan	nan	1.483934e+214	1.229775e-267	2.567615e-312	
nan	nan	nan	nan	nan	nan	nan	nan	1.354533e+248	1.229923e-267	1.236726e-267	
nan	nan	nan	nan	nan	nan	nan	nan	3.767303e+175	7.059473e-316	1.236881e-267	
nan	nan	nan	nan	nan	nan	nan	nan	2.364770e+233	1.227027e-267	7.059601e-316	
nan	nan	nan	nan	nan	nan	nan	nan	1.315448e-259	1.188318e-312	1.229411e-267	
nan	nan	nan	nan	nan	nan	nan	nan	1.092534e-66	1.230581e-267	8.487983e-313	
nan	nan	nan	nan	nan	nan	nan	nan	1.667074e-71	1.233613e-267	1.236881e-267	
nan	nan	nan	nan	nan	nan	nan	nan	1.994312e+209	7.059474e-316	0.000000e+00	
nan	nan	nan	nan	nan	nan	nan	nan	4.177685e+199	3.609886e+130	7.059602e-316	
nan	nan	nan	nan	nan	nan	nan	nan	1.398398e-76	1.230123e-267	1.229432e-267	
nan	nan	nan	nan	nan	nan	nan	nan	4.678334e+252	1.230234e-267	8.700183e-313	
nan	nan	nan	nan	nan	nan	nan	nan	2.138017e+243	7.660405e-312	1.237835e-267	
nan	nan	nan	nan	nan	nan	nan	nan	1.303731e-76	7.078275e-268	7.060056e-316	
nan	nan	nan	nan	nan	nan	nan	nan	6.376516e-13	0.000000e+00	7.059603e-316	
nan	nan	nan	nan	nan	nan	nan	nan	1.995142e+21	7.059474e-316	1.229451e-267	
nan	nan	nan	nan	nan	nan	nan	nan	2.168865e+233	1.227050e-267	8.487983e-313	
nan	nan	nan	nan	nan	nan	nan	nan	3.255073e-86	2.577098e-312	1.237251e-267	
nan	nan	nan	nan	nan	nan	nan	nan	1.354542e+248	5.574810e-306	1.237990e-267	
nan	nan	nan	nan	nan	nan	nan	nan	3.767303e+175	1.230271e-267	7.059604e-316	
nan	nan	nan	nan	nan	nan	nan	nan	2.364770e+233	7.059475e-316	1.229468e-267	
nan	nan	nan	nan	nan	nan	nan	nan	3.239190e+161	1.227060e-267	5.962808e-312	
nan	nan	nan	nan	nan	nan	nan	nan	1.303900e-76	1.718833e-312	5.574810e-306	
nan	nan	nan	nan	nan	nan	nan	nan	1.316417e-259	5.574810e-306	1.238027e-267	
nan	nan	nan	nan	nan	nan	nan	nan	6.556412e-14	0.000000e+00	7.059605e-316	
nan	nan	nan	nan	nan	nan	nan	nan	5.834684e+252	7.059476e-316	1.229488e-267	
nan	nan	nan	nan	nan	nan	nan	nan	1.303731e-76	1.227066e-267	5.114010e-312	
nan	nan	nan	nan	nan	nan	nan	nan	4.262067e-86	8.487983e-313	5.574810e-306	
nan	nan	nan	nan	nan	nan	nan	nan	4.682843e+252	1.230382e-267	1.237731e-267	
nan	nan	nan	nan	nan	nan	nan	nan	4.555935e+228	0.000000e+00	7.059606e-316	
nan	nan	nan	nan	nan	nan	nan	nan	1.303731e-76	7.059476e-316	1.229507e-267	
nan	nan	nan	nan	nan	nan	nan	nan	1.159170e-12	1.227078e-267	4.265918e-312	
nan	nan	nan	nan	nan	nan	nan	nan	3.597070e+252	8.487983e-313	1.237280e-267	
nan	nan	nan	nan	nan	nan	nan	nan	2.663319e-260	1.230271e-267	1.237436e-267	
nan	nan	nan	nan	nan	nan	nan	nan	6.787644e+78	0.000000e+00	7.059607e-316	
nan	nan	nan	nan	nan	nan	nan	nan	4.556066e+228	7.059477e-316	1.229525e-267	
nan	nan	nan	nan	nan	nan	nan	nan	3.255899e-86	1.227093e-267	8.707243e-313	
nan	nan	nan	nan	nan	nan	nan	nan	4.682843e+252	3.416431e-312	1.237465e-267	
nan	nan	nan	nan	nan	nan	nan	nan	1.235416e+169	5.574810e-306	1.237473e-267	
nan	nan	nan	nan	nan	nan	nan	nan	1.305080e-76	1.230234e-267	7.059608e-316	
nan	nan	nan	nan	nan	nan	nan	nan	1.159170e-12	7.059477e-316	1.229546e-267	
nan	nan	nan	nan	nan	nan	nan	nan	3.609908e+130	1.227108e-267	8.487983e-313	
nan	nan	nan	nan	nan	nan	nan	nan	9.517356e-259	2.574285e-312	1.237362e-267	
nan	nan	nan	nan	nan	nan	nan	nan	1.667747e-71	5.574810e-306	0.000000e+00	
nan	nan	nan	nan	nan	nan	nan	nan	6.488474e+175	1.230345e-267	7.059609e-316	
nan	nan	nan	nan	nan	nan	nan	nan	5.602347e-67	7.059478e-316	1.229563e-267	
nan	nan	nan	nan	nan	nan	nan	nan	1.332143e-12	1.227119e-267	1.718817e-312	
nan	nan	nan	nan	nan	nan	nan	nan	2.594366e+161	8.487983e-313	1.236726e-267	
nan	nan	nan	nan	nan	nan	nan	nan	1.312124e-47	1.230308e-267	0.000000e+00	
nan	nan	nan	nan	nan	nan	nan	nan	4.069002e+233	0.000000e+00	7.059610e-316	
nan	nan	nan	nan	nan	nan	nan	nan	2.047143e-259	7.059479e-316	1.229579e-267	
nan	nan	nan	nan	nan	nan	nan	nan	1.663544e-71	1.227129e-267	8.487983e-313	
nan	nan	nan	nan	nan	nan	nan	nan	2.653450e+180	8.738474e-313	1.236844e-267	
nan	nan	nan	nan	nan	nan	nan	nan	6.144012e+255	1.230079e-267	0.000000e+00	
nan	nan	nan	nan	nan	nan	nan	nan	4.060205e-86	1.230197e-267	7.059611e-316	
nan	nan	nan	nan	nan	nan	nan	nan	1.390822e-65	7.059479e-316	1.229597e-267	
nan	nan	nan	nan	nan	nan	nan	nan	6.475931e+170	1.227138e-267	8.487983e-313	
nan	nan	nan	nan	nan	nan	nan	nan	6.060112e+233	1.188318e-312	1.237694e-267	
nan	nan	nan	nan	nan	nan	nan	nan	1.637974e+190	7.064190e-268	0.000000e+00	
nan	nan	nan	nan	nan	nan	nan	nan	2.538367e-76	1.234840e-267	7.059612e-316	
nan	nan	nan	nan	nan	nan	nan	nan	6.217658e+228	7.059480e-316	1.229615e-267	
nan	nan	nan	nan	nan	nan	nan	nan	1.104887e+219	1.164899e-72	2.171247e-309	
nan	nan	nan	nan	nan	nan	nan	nan	2.166954e+233	1.230544e-267	1.237731e-267	
nan	nan	nan	nan	nan	nan	nan	nan	1.104893e+219	1.230507e-267	0.000000e+00	
nan	nan	nan	nan	nan	nan	nan	nan	9.320205e-13	1.003492e-310	7.059613e-316	
nan	nan	nan	nan	nan	nan	nan	nan	1.637974e+190	7.061195e-268	7.081418e-268	
nan	nan	nan	nan	nan	nan	nan	nan	9.311323e-13	0.000000e+00	2.170399e-309	
nan	nan	nan	nan	nan	nan	nan	nan	4.635443e+175	7.059481e-316	7.059596e-316	
nan	nan	nan	nan	nan	nan	nan	nan	3.265481e-86	1.227162e-267	1.229321e-267	
nan	nan	nan	nan	nan	nan	nan	nan	3.236609e+83	8.487983e-313	2.169909e-309	
nan	nan	nan	nan	nan	nan	nan	nan	7.160071e-62	1.230544e-267	-2.428855e+110	
nan	nan	nan	nan	nan	nan	nan	nan	1.558417e-259	0.000000e+00	-1.046415e+33	
nan	nan	nan	nan	nan	nan	nan	nan	6.849791e+180	7.059481e-316	-3.068840e-40	
nan	nan	nan	nan	nan	nan	nan	nan	5.085246e+231	1.227174e-267	-8.340538e-113	
nan	nan	nan	nan	nan	nan	nan	nan	2.876453e+159	8.747586e-313	-5.695249e-195	
nan	nan	nan	nan	nan	nan	nan	nan	5.303806e+180	5.574810e-306	-2.360672e-272	
nan	nan	nan	nan	nan	nan	nan	nan	3.265448e-86	1.230507e-267	3.157691e+267	
nan	nan	nan	nan	nan	nan	nan	nan	6.486315e+73	7.059482e-316	2.159882e+185	
nan	nan	nan	nan	nan	nan	nan	nan	9.351459e-144	1.227184e-267	1.363392e+103	
nan	nan	nan	nan	nan	nan	nan	nan	2.681511e+92	1.188318e-312	3.690481e+30	
nan	nan	nan	nan	nan	nan	nan	nan	5.161468e-72	7.079310e-268	2.402409e+151	
nan	nan	nan	nan	nan	nan	nan	nan	3.508144e-61	1.230034e-267	3.653954e+233	
nan	nan	nan	nan	nan	nan	nan	nan	1.110020e+195	7.059482e-316	1.337838e+306	
nan	nan	nan	nan	nan	nan	nan	nan	1.334552e-23	2.111428e-52	-6.296659e-229	
nan	nan	nan	nan	nan	nan	nan	nan	7.478019e-260	1.230670e-267	-9.576130e-147	
nan	nan	nan	nan	nan	nan	nan	nan	1.152228e+21	1.230929e-267	-3.501391e-74	
nan	nan	nan	nan	nan	nan	nan	nan	7.875802e-77	3.974498e-311	-5.157506e+08	
nan	nan	nan	nan	nan	nan	nan	nan	6.788446e+199	1.235565e-267	-1.885280e+81	
nan	nan	nan	nan	nan	nan	nan	nan	9.358966e-144	0.000000e+00	-9.544877e+148	
nan	nan	nan	nan	nan	nan	nan	nan	9.757684e+199	7.059483e-316	-6.814450e+211	
nan	nan	nan	nan	nan	nan	nan	nan	9.360218e-144	1.227203e-267	-2.289989e+226	
nan	nan	nan	nan	nan	nan	nan	nan	2.050344e+185	8.487983e-313	-1.109605e+178	
nan	nan	nan	nan	nan	nan	nan	nan	3.609907e+130	1.230611e-267	-5.216811e+100	
nan	nan	nan	nan	nan	nan	nan	nan	2.663558e+233	1.230744e-267	-1.534320e+28	
nan	nan	nan	nan	nan	nan	nan	nan	4.463094e-86	7.059483e-316	-4.156501e-45	
nan	nan	nan	nan	nan	nan	nan	nan	6.230937e+228	1.227211e-267	-2.846388e-127	
nan	nan	nan	nan	nan	nan	nan	nan	9.386249e+250	8.487983e-313	-1.176325e-204	
nan	nan	nan	nan	nan	nan	nan	nan	9.037234e-91	1.230855e-267	-5.065132e-282	
nan	nan	nan	nan	nan	nan	nan	nan	2.594366e+161	0.000000e+00	1.075477e+253	
nan	nan	nan	nan	nan	nan	nan	nan	4.261282e-86	7.059484e-316	4.434492e+175	
nan	nan	nan	nan	nan	nan	nan	nan	3.466364e-86	1.227218e-267	1.909155e+98	
nan	nan	nan	nan	nan	nan	nan	nan	3.466367e-86	8.487983e-313	3.381227e+83	
nan	nan	nan	nan	nan	nan	nan	nan	3.466371e-86	1.230670e-267	7.224677e+165	
nan	nan	nan	nan	nan	nan	nan	nan	8.676372e+97	1.230781e-267	2.674274e+238	
nan	nan	nan	nan	nan	nan	nan	nan	6.564250e-14	7.059484e-316	-1.261022e-296	
nan	nan	nan	nan	nan	nan	nan	nan	3.044345e+16	1.227224e-267	-1.921146e-214	
nan	nan	nan	nan	nan	nan	nan	nan	2.647258e+93	8.487983e-313	-7.224496e-142	
nan	nan	nan	nan	nan	nan	nan	nan	4.177956e+199	1.230744e-267	-1.038387e-59	
nan	nan	nan	nan	nan	nan	nan	nan	1.806413e-259	1.230929e-267	-3.902185e+13	
nan	nan	nan	nan	nan	nan	nan	nan	3.466524e-86	7.059485e-316	-5.610877e+95	
nan	nan	nan	nan	nan	nan	nan	nan	1.129627e+93	1.227234e-267	-3.035965e+163	
nan	nan	nan	nan	nan	nan	nan	nan	6.089996e-13	2.571608e-312	-2.141057e+226	
nan	nan	nan	nan	nan	nan	nan	nan	1.656222e-71	5.574810e-306	-2.364310e+226	
nan	nan	nan	nan	nan	nan	nan	nan	7.752655e+107	0.000000e+00	-2.464642e+168	
nan	nan	nan	nan	nan	nan	nan	nan	9.705711e+189	7.059485e-316	-7.623861e+95	
nan	nan	nan	nan	nan	nan	nan	nan	1.920647e+88	1.227245e-267	-2.151919e+23	
nan	nan	nan	nan	nan	nan	nan	nan	7.430109e-260	8.487983e-313	-9.266585e-55	
nan	nan	nan	nan	nan	nan	nan	nan	9.532674e-259	1.230744e-267	-6.088771e-137	
nan	nan	nan	nan	nan	nan	nan	nan	4.691155e-57	1.230707e-267	-1.641950e-209	
nan	nan	nan	nan	nan	nan	nan	nan	3.597147e+179	7.059486e-316	-1.078716e-291	
nan	nan	nan	nan	nan	nan	nan	nan	9.351253e-13	1.227256e-267	2.290244e+243	
nan	nan	nan	nan	nan	nan	nan	nan	1.398043e-76	8.487983e-313	9.398072e+165	
nan	nan	nan	nan	nan	nan	nan	nan	7.364822e+271	1.230781e-267	4.045682e+88	
nan	nan	nan	nan	nan	nan	nan	nan	2.111417e-52	0.000000e+00	3.436409e+88	
nan	nan	nan	nan	nan	nan	nan	nan	1.397378e-259	7.059486e-316	5.546975e+170	
nan	nan	nan	nan	nan	nan	nan	nan	1.657544e-71	1.227262e-267	7.991019e+252	
nan	nan	nan	nan	nan	nan	nan	nan	3.435054e+179	8.487983e-313	-3.981540e-282	
nan	nan	nan	nan	nan	nan	nan	nan	1.098003e+17	1.230781e-267	-1.487770e-209	
nan	nan	nan	nan	nan	nan	nan	nan	3.376115e-57	0.000000e+00	-2.150285e-127	
nan	nan	nan	nan	nan	nan	nan	nan	1.806104e+217	7.059487e-316	-8.031870e-55	
nan	nan	nan	nan	nan	nan	nan	nan	1.028981e-71	1.227272e-267	-1.284786e+28	
nan	nan	nan	nan	nan	nan	nan	nan	1.396426e-76	8.700183e-313	-4.334184e+100	
nan	nan	nan	nan	nan	nan	nan	nan	1.159395e-12	5.574810e-306	-9.562527e+177	
nan	nan	nan	nan	nan	nan	nan	nan	6.819006e-38	0.000000e+00	-1.500387e+231	
nan	nan	nan	nan	nan	nan	nan	nan	5.365292e+199	7.059487e-316	-2.364311e+226	
nan	nan	nan	nan	nan	nan	nan	nan	1.746526e-76	1.227284e-267	-3.400831e+163	
nan	nan	nan	nan	nan	nan	nan	nan	1.184354e+222	1.188318e-312	-1.061257e+91	
nan	nan	nan	nan	nan	nan	nan	nan	1.048583e-12	7.079310e-268	-4.568801e+13	
nan	nan	nan	nan	nan	nan	nan	nan	1.745518e-76	1.235720e-267	-3.001234e-69	
nan	nan	nan	nan	nan	nan	nan	nan	1.506971e+161	7.059488e-316	-8.057438e-142	
nan	nan	nan	nan	nan	nan	nan	nan	2.580174e-57	7.079310e-268	-5.561099e-224	
nan	nan	nan	nan	nan	nan	nan	nan	1.397693e-259	1.231128e-267	-3.474960e-306	
nan	nan	nan	nan	nan	nan	nan	nan	2.406826e-57	1.231165e-267	3.004978e+238	
nan	nan	nan	nan	nan	nan	nan	nan	1.182951e-76	3.006868e-311	1.972791e+156	
nan	nan	nan	nan	nan	nan	nan	nan	1.667694e-71	1.235765e-267	1.295413e+74	
nan	nan	nan	nan	nan	nan	nan	nan	3.115950e+179	0.000000e+00	1.025662e+103	
nan	nan	nan	nan	nan	nan	nan	nan	6.215803e+169	7.059488e-316	1.647315e+185	
nan	nan	nan	nan	nan	nan	nan	nan	1.723988e-47	1.227311e-267	6.139083e+257	
nan	nan	nan	nan	nan	nan	nan	nan	7.201638e+271	8.487983e-313	-3.033541e-277	
nan	nan	nan	nan	nan	nan	nan	nan	2.004973e-52	1.231055e-267	-4.404258e-195	
nan	nan	nan	nan	nan	nan	nan	nan	1.478674e-259	1.231165e-267	-1.636714e-122	
nan	nan	nan	nan	nan	nan	nan	nan	4.851824e-33	7.059489e-316	-2.606054e-40	
nan	nan	nan	nan	nan	nan	nan	nan	1.316077e-259	1.227328e-267	-3.792622e+42	
nan	nan	nan	nan	nan	nan	nan	nan	1.105287e+161	8.700183e-313	-1.405386e+115	
nan	nan	nan	nan	nan	nan	nan	nan	1.398043e-76	1.231195e-267	-2.977885e+192	
nan	nan	nan	nan	nan	nan	nan	nan	5.082214e+231	1.231055e-267	-1.077058e+236	
nan	nan	nan	nan	nan	nan	nan	nan	1.317989e-42	7.059490e-316	-2.364311e+226	
nan	nan	nan	nan	nan	nan	nan	nan	3.599689e+179	1.227343e-267	-4.913584e+158	
nan	nan	nan	nan	nan	nan	nan	nan	7.195916e+252	8.487983e-313	-2.351431e+81	
nan	nan	nan	nan	nan	nan	nan	nan	1.951906e+233	1.231092e-267	-6.299027e+08	
nan	nan	nan	nan	nan	nan	nan	nan	4.437514e-38	0.000000e+00	-4.356700e-74	
nan	nan	nan	nan	nan	nan	nan	nan	1.182957e-76	7.059491e-316	-2.715195e-156	
nan	nan	nan	nan	nan	nan	nan	nan	6.085755e+247	1.227354e-267	-7.247233e-229	
nan	nan	nan	nan	nan	nan	nan	nan	1.397370e-76	8.509203e-312	1.625100e+306	
nan	nan	nan	nan	nan	nan	nan	nan	1.396426e-76	5.574810e-306	1.009067e+224	
nan	nan	nan	nan	nan	nan	nan	nan	1.623420e+219	0.000000e+00	2.682257e+151	
nan	nan	nan	nan	nan	nan	nan	nan	2.111429e-52	7.059491e-316	1.688857e+69	
nan	nan	nan	nan	nan	nan	nan	nan	1.406390e+10	1.227364e-267	7.824152e+107	
nan	nan	nan	nan	nan	nan	nan	nan	7.252703e+179	7.660405e-312	1.246886e+190	
nan	nan	nan	nan	nan	nan	nan	nan	9.946060e-43	5.574810e-306	1.813519e+272	
nan	nan	nan	nan	nan	nan	nan	nan	1.396426e-76	1.231498e-267	-8.940289e-263	
nan	nan	nan	nan	nan	nan	nan	nan	1.623420e+219	7.059492e-316	-3.307756e-190	
nan	nan	nan	nan	nan	nan	nan	nan	1.178474e-47	1.227372e-267	-5.247303e-108	
nan	nan	nan	nan	nan	nan	nan	nan	2.183120e+241	8.487983e-313	-7.662303e-26	
nan	nan	nan	nan	nan	nan	nan	nan	7.226938e-13	1.231055e-267	-2.828523e+47	
nan	nan	nan	nan	nan	nan	nan	nan	1.041025e-42	1.231202e-267	-4.131134e+129	
nan	nan	nan	nan	nan	nan	nan	nan	4.155058e+151	7.059492e-316	-2.232999e+197	
nan	nan	nan	nan	nan	nan	nan	nan	4.874071e-86	1.227383e-267	-3.391739e+250	
nan	nan	nan	nan	nan	nan	nan	nan	1.212685e-99	5.963514e-312	-5.332476e+216	
nan	nan	nan	nan	nan	nan	nan	nan	7.252808e+179	5.574810e-306	-1.143532e+149	
nan	nan	nan	nan	nan	nan	nan	nan	4.662506e-62	1.231350e-267	-3.044512e+76	
nan	nan	nan	nan	nan	nan	nan	nan	5.997606e-67	7.059493e-316	-2.117256e-06	
nan	nan	nan	nan	nan	nan	nan	nan	7.043785e+199	1.227394e-267	-5.634417e-79	
nan	nan	nan	nan	nan	nan	nan	nan	2.897575e-57	8.487983e-313	-3.919911e-161	
nan	nan	nan	nan	nan	nan	nan	nan	6.350870e+30	1.231313e-267	-2.426561e-243	
nan	nan	nan	nan	nan	nan	nan	nan	4.464393e-33	7.059707e-316	2.110190e+301	
nan	nan	nan	nan	nan	nan	nan	nan	9.156042e-72	7.059494e-316	1.343311e+219	
nan	nan	nan	nan	nan	nan	nan	nan	7.270573e+175	1.227409e-267	9.122267e+136	
nan	nan	nan	nan	nan	nan	nan	nan	6.527460e-38	3.417119e-312	5.806214e+54	
nan	nan	nan	nan	nan	nan	nan	nan	1.639953e+151	5.574810e-306	2.306808e+122	
nan	nan	nan	nan	nan	nan	nan	nan	3.667659e-86	0.000000e+00	3.668277e+204	
nan	nan	nan	nan	nan	nan	nan	nan	1.211792e-99	7.059494e-316	1.355345e+277	
nan	nan	nan	nan	nan	nan	nan	nan	3.153346e+281	1.227423e-267	-6.640604e-258	
nan	nan	nan	nan	nan	nan	nan	nan	1.257801e-71	2.567615e-312	-9.709986e-176	
nan	nan	nan	nan	nan	nan	nan	nan	5.848168e+179	1.231306e-267	-1.537614e-93	
nan	nan	nan	nan	nan	nan	nan	nan	1.499550e-12	0.000000e+00	-5.657679e-21	
nan	nan	nan	nan	nan	nan	nan	nan	1.178212e-47	7.059495e-316	-8.286749e+61	
nan	nan	nan	nan	nan	nan	nan	nan	1.105238e+161	1.227438e-267	-3.048534e+134	
nan	nan	nan	nan	nan	nan	nan	nan	8.606824e-67	1.718817e-312	-6.813415e+211	
nan	nan	nan	nan	nan	nan	nan	nan	1.406180e+10	5.574810e-306	-1.533921e+260	
nan	nan	nan	nan	nan	nan	nan	nan	1.368566e-71	1.231424e-267	-5.332476e+216	
nan	nan	nan	nan	nan	nan	nan	nan	9.151620e-72	7.059496e-316	-1.506359e+144	
nan	nan	nan	nan	nan	nan	nan	nan	7.165717e-62	1.227453e-267	-6.702821e+66	
nan	nan	nan	nan	nan	nan	nan	nan	3.437586e+179	8.707242e-313	-2.888271e-11	
nan	nan	nan	nan	nan	nan	nan	nan	1.099236e+161	5.574810e-306	-1.899052e-93	
nan	nan	nan	nan	nan	nan	nan	nan	3.888868e-33	0.000000e+00	-7.926275e-171	
nan	nan	nan	nan	nan	nan	nan	nan	6.993259e+96	7.059497e-316	-3.415183e-248	
nan	nan	nan	nan	nan	nan	nan	nan	1.397370e-76	1.227467e-267	7.256187e+286	
nan	nan	nan	nan	nan	nan	nan	nan	1.396426e-76	8.487983e-313	3.024499e+209	
nan	nan	nan	nan	nan	nan	nan	nan	8.487983e-313	1.231276e-267	1.258684e+132	
nan	nan	nan	nan	nan	nan	nan	nan	7.054282e-268	0.000000e+00	8.566124e+49	
nan	nan	nan	nan	nan	nan	nan	nan	0.000000e+00	7.059497e-316	1.124375e+132	
nan	nan	nan	nan	nan	nan	nan	nan	7.059441e-316	1.227479e-267	2.712659e+209	
nan	nan	nan	nan	nan	nan	nan	nan	1.226424e-267	1.188318e-312	4.283350e+291	
nan	nan	nan	nan	nan	nan	nan	nan	8.487983e-313	1.231003e-267	-1.943250e-243	
nan	nan	nan	nan	nan	nan	nan	nan	7.050030e-268	1.236068e-267	-7.142866e-171	
nan	nan	nan	nan	nan	nan	nan	nan	7.053912e-268	7.059498e-316	-1.125664e-88	
nan	nan	nan	nan	nan	nan	nan	nan	7.059442e-316	1.231025e-267	-1.652799e-06	
nan	nan	nan	nan	nan	nan	nan	nan	1.226438e-267	1.231772e-267	-6.065152e+66	
nan	nan	nan	nan	nan	nan	nan	nan	8.707242e-313	1.231698e-267	-8.904289e+148	
nan	nan	nan	nan	nan	nan	nan	nan	7.049438e-268	1.699719e-311	-2.066447e+226	
nan	nan	nan	nan	nan	nan	nan	nan	0.000000e+00	1.236112e-267	-1.688279e+260	
nan	nan	nan	nan	nan	nan	nan	nan	7.059442e-316	0.000000e+00	-7.609671e+211	
nan	nan	nan	nan	nan	nan	nan	nan	1.226454e-267	7.059499e-316	-3.393252e+134	
nan	nan	nan	nan	nan	nan	nan	nan	1.188318e-312	1.227504e-267	-1.461967e+57	
nan	nan	nan	nan	nan	nan	nan	nan	7.072101e-268	8.487983e-313	-6.299606e-21	
nan	nan	nan	nan	nan	nan	nan	nan	7.064190e-268	1.231772e-267	-4.141977e-103	
nan	nan	nan	nan	nan	nan	nan	nan	7.059443e-316	1.231698e-267	-1.724277e-180	
nan	nan	nan	nan	nan	nan	nan	nan	1.224245e-267	7.059499e-316	-7.429245e-258	
nan	nan	nan	nan	nan	nan	nan	nan	1.224348e-267	1.227518e-267	1.523057e+277	
nan	nan	nan	nan	nan	nan	nan	nan	1.224866e-267	8.487983e-313	6.560747e+199	
nan	nan	nan	nan	nan	nan	nan	nan	1.444867e-310	1.231661e-267	4.312286e+117	
nan	nan	nan	nan	nan	nan	nan	nan	7.078275e-268	0.000000e+00	1.790020e+40	
nan	nan	nan	nan	nan	nan	nan	nan	0.000000e+00	7.059500e-316	5.401517e+141	
nan	nan	nan	nan	nan	nan	nan	nan	7.059444e-316	1.227529e-267	7.928028e+223	
nan	nan	nan	nan	nan	nan	nan	nan	1.226471e-267	1.445079e-311	1.250060e+306	
nan	nan	nan	nan	nan	nan	nan	nan	8.487983e-313	5.574810e-306	-1.417689e-238	
nan	nan	nan	nan	nan	nan	nan	nan	1.224348e-267	0.000000e+00	-2.229332e-156	
nan	nan	nan	nan	nan	nan	nan	nan	1.224644e-267	7.059501e-316	-3.280303e-74	
nan	nan	nan	nan	nan	nan	nan	nan	7.059444e-316	1.227538e-267	-1.200825e-01	
nan	nan	nan	nan	nan	nan	nan	nan	1.226481e-267	8.487983e-313	-1.885280e+81	
nan	nan	nan	nan	nan	nan	nan	nan	8.487983e-313	1.231602e-267	-2.777325e+163	
nan	nan	nan	nan	nan	nan	nan	nan	1.224644e-267	1.231661e-267	-1.500385e+231	
nan	nan	nan	nan	nan	nan	nan	nan	0.000000e+00	7.059501e-316	-1.157010e+265	
nan	nan	nan	nan	nan	nan	nan	nan	7.059445e-316	1.227551e-267	-1.710528e+202	
nan	nan	nan	nan	nan	nan	nan	nan	1.226492e-267	5.114716e-312	-4.829751e+129	
nan	nan	nan	nan	nan	nan	nan	nan	8.509909e-312	1.232171e-267	-3.288830e+47	
nan	nan	nan	nan	nan	nan	nan	nan	1.224673e-267	1.231846e-267	-2.087016e-35	
nan	nan	nan	nan	nan	nan	nan	nan	1.224570e-267	7.059502e-316	-5.679791e-108	
nan	nan	nan	nan	nan	nan	nan	nan	7.059445e-316	1.227562e-267	-3.732991e-190	
nan	nan	nan	nan	nan	nan	nan	nan	1.226499e-267	8.487983e-313	-2.453821e-272	
nan	nan	nan	nan	nan	nan	nan	nan	1.718817e-312	1.231809e-267	2.153954e+272	
nan	nan	nan	nan	nan	nan	nan	nan	5.574810e-306	1.232289e-267	1.415718e+190	
nan	nan	nan	nan	nan	nan	nan	nan	1.224311e-267	7.059502e-316	8.937995e+107	
nan	nan	nan	nan	nan	nan	nan	nan	7.059446e-316	1.227576e-267	3.848942e+30	
nan	nan	nan	nan	nan	nan	nan	nan	1.226513e-267	3.417119e-312	2.402729e+151	
nan	nan	nan	nan	nan	nan	nan	nan	8.487983e-313	5.574810e-306	3.778157e+233	
nan	nan	nan	nan	nan	nan	nan	nan	1.224274e-267	0.000000e+00	-2.802370e-306	
nan	nan	nan	nan	nan	nan	nan	nan	0.000000e+00	7.059503e-316	-4.127106e-224	
nan	nan	nan	nan	nan	nan	nan	nan	7.059446e-316	1.227589e-267	-6.482431e-142	
nan	nan	nan	nan	nan	nan	nan	nan	1.226525e-267	2.567615e-312	-2.416550e-69	
nan	nan	nan	nan	nan	nan	nan	nan	8.487983e-313	1.231801e-267	-3.902185e+13	
nan	nan	nan	nan	nan	nan	nan	nan	1.224104e-267	0.000000e+00	-5.610877e+95	
nan	nan	nan	nan	nan	nan	nan	nan	1.224163e-267	7.059504e-316	-2.107590e+168	
nan	nan	nan	nan	nan	nan	nan	nan	7.059447e-316	1.227604e-267	-4.624855e+245	
nan	nan	nan	nan	nan	nan	nan	nan	1.226537e-267	1.718817e-312	-1.207590e+265	
nan	nan	nan	nan	nan	nan	nan	nan	1.718817e-312	5.574810e-306	-2.422449e+197	
nan	nan	nan	nan	nan	nan	nan	nan	1.224895e-267	1.231920e-267	-1.653583e+115	
nan	nan	nan	nan	nan	nan	nan	nan	1.224422e-267	7.059505e-316	-4.494997e+42	
nan	nan	nan	nan	nan	nan	nan	nan	7.059448e-316	1.227619e-267	-3.068840e-40	
nan	nan	nan	nan	nan	nan	nan	nan	1.226549e-267	8.707242e-313	-1.941342e-122	
nan	nan	nan	nan	nan	nan	nan	nan	8.487983e-313	5.574810e-306	-5.267162e-195	
nan	nan	nan	nan	nan	nan	nan	nan	1.224385e-267	0.000000e+00	-3.320036e-277	
nan	nan	nan	nan	nan	nan	nan	nan	1.224903e-267	7.059506e-316	7.349721e+257	
nan	nan	nan	nan	nan	nan	nan	nan	7.059448e-316	1.227638e-267	4.632359e+175	
nan	nan	nan	nan	nan	nan	nan	nan	1.226564e-267	8.487983e-313	1.251185e+103	
nan	nan	nan	nan	nan	nan	nan	nan	8.487983e-313	1.231661e-267	3.381820e+83	
nan	nan	nan	nan	nan	nan	nan	nan	1.224940e-267	1.231624e-267	7.539029e+165	
nan	nan	nan	nan	nan	nan	nan	nan	0.000000e+00	7.059507e-316	1.753029e+243	
nan	nan	nan	nan	nan	nan	nan	nan	7.059449e-316	1.227650e-267	-8.266189e-292	
nan	nan	nan	nan	nan	nan	nan	nan	1.226576e-267	6.812312e-312	-2.037181e-214	
nan	nan	nan	nan	nan	nan	nan	nan	8.487983e-313	5.574810e-306	-5.004418e-137	
nan	nan	nan	nan	nan	nan	nan	nan	1.224163e-267	0.000000e+00	-7.214601e-55	
nan	nan	nan	nan	nan	nan	nan	nan	1.224126e-267	7.059507e-316	-1.160991e+28	
nan	nan	nan	nan	nan	nan	nan	nan	7.059450e-316	1.227659e-267	-4.334184e+100	
nan	nan	nan	nan	nan	nan	nan	nan	1.226589e-267	8.487983e-313	-6.268204e+182	
nan	nan	nan	nan	nan	nan	nan	nan	1.719523e-312	1.232031e-267	-1.456139e+260	
nan	nan	nan	nan	nan	nan	nan	nan	1.224673e-267	1.232141e-267	-1.765761e+260	
nan	nan	nan	nan	nan	nan	nan	nan	1.224385e-267	7.059508e-316	-3.552113e+192	
nan	nan	nan	nan	nan	nan	nan	nan	7.059451e-316	1.227667e-267	-2.428855e+110	
nan	nan	nan	nan	nan	nan	nan	nan	1.226606e-267	8.487983e-313	-1.534320e+28	
nan	nan	nan	nan	nan	nan	nan	nan	8.707242e-313	1.232105e-267	-4.156501e-45	
nan	nan	nan	nan	nan	nan	nan	nan	1.224710e-267	0.000000e+00	-2.615560e-127	
nan	nan	nan	nan	nan	nan	nan	nan	1.224718e-267	7.059508e-316	-1.794336e-209	
nan	nan	nan	nan	nan	nan	nan	nan	7.059451e-316	1.227679e-267	-1.128821e-291	
nan	nan	nan	nan	nan	nan	nan	nan	1.226622e-267	4.265212e-312	9.838313e+252	
nan	nan	nan	nan	nan	nan	nan	nan	8.487983e-313	1.231727e-267	6.160300e+170	
nan	nan	nan	nan	nan	nan	nan	nan	1.224829e-267	0.000000e+00	4.244614e+88	
nan	nan	nan	nan	nan	nan	nan	nan	0.000000e+00	7.059509e-316	1.475928e+98	
nan	nan	nan	nan	nan	nan	nan	nan	7.059452e-316	1.227689e-267	3.636039e+175	
nan	nan	nan	nan	nan	nan	nan	nan	1.226633e-267	8.487983e-313	8.449249e+252	
nan	nan	nan	nan	nan	nan	nan	nan	4.265918e-312	1.232289e-267	-4.196739e-282	
nan	nan	nan	nan	nan	nan	nan	nan	5.574810e-306	0.000000e+00	-9.752193e-205	
nan	nan	nan	nan	nan	nan	nan	nan	1.224829e-267	7.059509e-316	-1.485143e-122	
nan	nan	nan	nan	nan	nan	nan	nan	7.059453e-316	1.227699e-267	-3.624827e-45	
nan	nan	nan	nan	nan	nan	nan	nan	1.226645e-267	8.487983e-313	-8.827217e+32	
nan	nan	nan	nan	nan	nan	nan	nan	3.417119e-312	1.232289e-267	-1.282252e+115	
nan	nan	nan	nan	nan	nan	nan	nan	1.224119e-267	7.059757e-316	-3.121575e+192	
nan	nan	nan	nan	nan	nan	nan	nan	0.000000e+00	7.059510e-316	-1.106034e+265	
nan	nan	nan	nan	nan	nan	nan	nan	7.059453e-316	1.227710e-267	-1.765761e+260	
nan	nan	nan	nan	nan	nan	nan	nan	1.226661e-267	1.719523e-312	-1.211112e+178	
nan	nan	nan	nan	nan	nan	nan	nan	8.700183e-313	5.574810e-306	-4.998086e+100	
nan	nan	nan	nan	nan	nan	nan	nan	1.224526e-267	1.232252e-267	-2.151919e+23	
nan	nan	nan	nan	nan	nan	nan	nan	0.000000e+00	7.059510e-316	-1.413726e-59	
nan	nan	nan	nan	nan	nan	nan	nan	7.059454e-316	1.227722e-267	-5.817957e-137	
nan	nan	nan	nan	nan	nan	nan	nan	1.226676e-267	8.487983e-313	-2.389380e-214	
nan	nan	nan	nan	nan	nan	nan	nan	8.487983e-313	1.232252e-267	-1.492783e-296	
nan	nan	nan	nan	nan	nan	nan	nan	1.224126e-267	0.000000e+00	3.330567e+238	
nan	nan	nan	nan	nan	nan	nan	nan	0.000000e+00	7.059511e-316	2.080055e+156	
nan	nan	nan	nan	nan	nan	nan	nan	7.059455e-316	1.227734e-267	5.564942e+83	
nan	nan	nan	nan	nan	nan	nan	nan	1.226686e-267	1.188318e-312	1.137649e+103	
nan	nan	nan	nan	nan	nan	nan	nan	8.707242e-313	7.064190e-268	1.732299e+185	
nan	nan	nan	nan	nan	nan	nan	nan	1.224895e-267	0.000000e+00	2.637220e+267	
nan	nan	nan	nan	nan	nan	nan	nan	0.000000e+00	7.059512e-316	-1.988422e-272	
nan	nan	nan	nan	nan	nan	nan	nan	7.059456e-316	7.064189e-268	-4.618305e-195	
nan	nan	nan	nan	nan	nan	nan	nan	1.226698e-267	1.232452e-267	-7.354493e-113	
nan	nan	nan	nan	nan	nan	nan	nan	8.487983e-313	1.232711e-267	-1.708197e-35	
nan	nan	nan	nan	nan	nan	nan	nan	1.224644e-267	5.570239e-311	-2.600160e+47	
nan	nan	nan	nan	nan	nan	nan	nan	1.224866e-267	1.220000e-267	-6.301544e+124	
nan	nan	nan	nan	nan	nan	nan	nan	7.059456e-316	0.000000e+00	-1.524656e+202	
nan	nan	nan	nan	nan	nan	nan	nan	1.226713e-267	7.059512e-316	-3.398500e+279	
nan	nan	nan	nan	nan	nan	nan	nan	8.487983e-313	1.227753e-267	-3.931540e+250	
nan	nan	nan	nan	nan	nan	nan	nan	1.224829e-267	2.567615e-312	-2.583501e+168	
nan	nan	nan	nan	nan	nan	nan	nan	0.000000e+00	1.232999e-267	-1.061258e+91	
nan	nan	nan	nan	nan	nan	nan	nan	7.059457e-316	1.232822e-267	-4.568801e+13	
nan	nan	nan	nan	nan	nan	nan	nan	1.226727e-267	7.059513e-316	-2.856341e-69	
nan	nan	nan	nan	nan	nan	nan	nan	1.719523e-312	1.227763e-267	-1.229223e-146	
nan	nan	nan	nan	nan	nan	nan	nan	5.574810e-306	1.719523e-312	-8.071713e-229	
nan	nan	nan	nan	nan	nan	nan	nan	0.000000e+00	1.232593e-267	-3.295561e-306	
nan	nan	nan	nan	nan	nan	nan	nan	7.059458e-316	0.000000e+00	4.335852e+233	
nan	nan	nan	nan	nan	nan	nan	nan	1.226739e-267	7.059513e-316	2.682257e+151	
nan	nan	nan	nan	nan	nan	nan	nan	8.487983e-313	1.227773e-267	1.867959e+69	
nan	nan	nan	nan	nan	nan	nan	nan	1.224496e-267	8.487983e-313	3.361679e+117	
nan	nan	nan	nan	nan	nan	nan	nan	1.224459e-267	1.232452e-267	5.356270e+199	
nan	nan	nan	nan	nan	nan	nan	nan	7.059459e-316	1.232637e-267	1.982573e+272	
nan	nan	nan	nan	nan	nan	nan	nan	1.226752e-267	7.059514e-316	-9.337261e-263	
nan	nan	nan	nan	nan	nan	nan	nan	1.188318e-312	1.227783e-267	-1.420906e-180	
nan	nan	nan	nan	nan	nan	nan	nan	1.234641e-267	8.487983e-313	-3.439417e-103	
nan	nan	nan	nan	nan	nan	nan	nan	1.236378e-267	1.232822e-267	-7.985425e-26	
nan	nan	nan	nan	nan	nan	nan	nan	7.059459e-316	1.232674e-267	-1.264074e+57	
nan	nan	nan	nan	nan	nan	nan	nan	5.092790e-313	7.059514e-316	-2.934966e+134	
nan	nan	nan	nan	nan	nan	nan	nan	1.225102e-267	1.227793e-267	-4.465913e+216	
nan	nan	nan	nan	nan	nan	nan	nan	1.225287e-267	1.719523e-312	-1.076501e+294	
nan	nan	nan	nan	nan	nan	nan	nan	1.237760e-310	1.232740e-267	-1.269331e+236	
nan	nan	nan	nan	nan	nan	nan	nan	5.574810e-306	0.000000e+00	-3.400832e+163	
nan	nan	nan	nan	nan	nan	nan	nan	0.000000e+00	7.059515e-316	-2.232860e+81	
nan	nan	nan	nan	nan	nan	nan	nan	7.059460e-316	1.227800e-267	-1.466301e-01	
nan	nan	nan	nan	nan	nan	nan	nan	1.226770e-267	8.487983e-313	-5.971778e-79	
nan	nan	nan	nan	nan	nan	nan	nan	8.487983e-313	1.232526e-267	-2.569522e-156	
nan	nan	nan	nan	nan	nan	nan	nan	1.225250e-267	1.232748e-267	-1.591021e-238	
nan	nan	nan	nan	nan	nan	nan	nan	0.000000e+00	7.059515e-316	2.211306e+301	
nan	nan	nan	nan	nan	nan	nan	nan	7.059461e-316	1.227809e-267	1.451118e+219	
nan	nan	nan	nan	nan	nan	nan	nan	1.226784e-267	8.487983e-313	5.978369e+141	
nan	nan	nan	nan	nan	nan	nan	nan	3.417119e-312	1.232563e-267	2.494393e+64	
nan	nan	nan	nan	nan	nan	nan	nan	5.574810e-306	1.232711e-267	2.513388e+122	
nan	nan	nan	nan	nan	nan	nan	nan	1.225213e-267	7.059516e-316	3.981808e+204	
nan	nan	nan	nan	nan	nan	nan	nan	7.059461e-316	1.227820e-267	5.821165e+286	
nan	nan	nan	nan	nan	nan	nan	nan	1.226796e-267	8.487983e-313	-2.852554e-248	
nan	nan	nan	nan	nan	nan	nan	nan	8.487983e-313	1.232674e-267	-1.049967e-175	
nan	nan	nan	nan	nan	nan	nan	nan	1.229650e-267	0.000000e+00	-1.597540e-93	
nan	nan	nan	nan	nan	nan	nan	nan	0.000000e+00	7.059516e-316	-2.430310e-11	
nan	nan	nan	nan	nan	nan	nan	nan	7.059462e-316	1.227831e-267	-5.852876e+66	
nan	nan	nan	nan	nan	nan	nan	nan	1.226808e-267	7.660405e-312	-1.358685e+144	
nan	nan	nan	nan	nan	nan	nan	nan	8.707242e-313	5.574810e-306	-2.140477e+226	
nan	nan	nan	nan	nan	nan	nan	nan	1.225317e-267	0.000000e+00	-7.581223e+298	
nan	nan	nan	nan	nan	nan	nan	nan	0.000000e+00	7.059517e-316	-1.839052e+231	
nan	nan	nan	nan	nan	nan	nan	nan	7.059462e-316	1.227843e-267	-1.143533e+149	
nan	nan	nan	nan	nan	nan	nan	nan	1.226825e-267	8.487983e-313	-3.044512e+76	
nan	nan	nan	nan	nan	nan	nan	nan	8.487983e-313	1.232896e-267	-1.893092e-06	
nan	nan	nan	nan	nan	nan	nan	nan	1.225102e-267	1.233044e-267	-1.244716e-88	
nan	nan	nan	nan	nan	nan	nan	nan	1.225250e-267	7.059518e-316	-8.185042e-171	
nan	nan	nan	nan	nan	nan	nan	nan	7.059463e-316	1.227853e-267	-3.415187e-248	
nan	nan	nan	nan	nan	nan	nan	nan	1.226844e-267	8.700183e-313	4.756024e+291	
nan	nan	nan	nan	nan	nan	nan	nan	8.487983e-313	5.574810e-306	3.024499e+209	
nan	nan	nan	nan	nan	nan	nan	nan	1.225213e-267	1.232563e-267	1.303047e+132	
nan	nan	nan	nan	nan	nan	nan	nan	1.225287e-267	7.059518e-316	8.566132e+49	
nan	nan	nan	nan	nan	nan	nan	nan	7.059464e-316	1.227864e-267	7.368706e+136	
nan	nan	nan	nan	nan	nan	nan	nan	1.226862e-267	8.487983e-313	2.713462e+209	
nan	nan	nan	nan	nan	nan	nan	nan	8.487983e-313	1.232896e-267	4.283350e+291	
nan	nan	nan	nan	nan	nan	nan	nan	1.225250e-267	0.000000e+00	-2.089706e-243	
nan	nan	nan	nan	nan	nan	nan	nan	0.000000e+00	7.059519e-316	-3.067838e-161	
nan	nan	nan	nan	nan	nan	nan	nan	7.059465e-316	1.227874e-267	-4.835350e-79	
nan	nan	nan	nan	nan	nan	nan	nan	1.226881e-267	4.265212e-312	-1.772009e-06	
nan	nan	nan	nan	nan	nan	nan	nan	1.001801e-310	5.574810e-306	-2.695427e+76	
nan	nan	nan	nan	nan	nan	nan	nan	5.574810e-306	1.232859e-267	-4.099494e+158	
nan	nan	nan	nan	nan	nan	nan	nan	0.000000e+00	7.059519e-316	-9.832921e+235	
nan	nan	nan	nan	nan	nan	nan	nan	7.059466e-316	1.227885e-267	-8.369097e+298	
nan	nan	nan	nan	nan	nan	nan	nan	1.226903e-267	3.417119e-312	-2.365182e+226	
nan	nan	nan	nan	nan	nan	nan	nan	9.848182e-311	5.574810e-306	-1.506359e+144	
nan	nan	nan	nan	nan	nan	nan	nan	1.220000e-267	1.232970e-267	-1.022518e+62	
nan	nan	nan	nan	nan	nan	nan	nan	0.000000e+00	7.059520e-316	-6.511368e-21	
nan	nan	nan	nan	nan	nan	nan	nan	0.000000e+00	1.227895e-267	-1.778965e-93	
nan	nan	nan	nan	nan	nan	nan	nan	0.000000e+00	8.487983e-313	-1.130176e-175	
nan	nan	nan	nan	nan	nan	nan	nan	0.000000e+00	1.232933e-267	-7.429245e-258	
nan	nan	nan	nan	nan	nan	nan	nan	0.000000e+00	0.000000e+00	1.578453e+277	
nan	nan	nan	nan	nan	nan	nan	nan	5.566422e-306	7.059520e-316	6.560747e+199	
nan	nan	nan	nan	nan	nan	nan	nan	2.121996e-314	1.227907e-267	2.826504e+122	
nan	nan	nan	nan	nan	nan	nan	nan	5.727783e+250	8.700183e-313	1.790020e+40	
nan	nan	nan	nan	nan	nan	nan	nan	nan	1.232408e-267	5.401517e+141	
nan	nan	nan	nan	nan	nan	nan	nan	1.354534e+248	0.000000e+00	7.928037e+223	
nan	nan	nan	nan	nan	nan	nan	nan	7.059393e-316	7.059521e-316	1.250060e+306	
nan	nan	nan	nan	nan	nan	nan	nan	2.364770e+233	1.227919e-267	-6.090539e-229	
nan	nan	nan	nan	nan	nan	nan	nan	1.315449e-259	8.487983e-313	-2.229332e-156	
nan	nan	nan	nan	nan	nan	nan	nan	1.092534e-66	1.232785e-267	-3.501391e-74	
nan	nan	nan	nan	nan	nan	nan	nan	1.667074e-71	0.000000e+00	-5.157506e+08	
nan	nan	nan	nan	nan	nan	nan	nan	1.994312e+209	7.059522e-316	-8.098209e+90	
nan	nan	nan	nan	nan	nan	nan	nan	4.177685e+199	1.227926e-267	-3.035262e+163	
nan	nan	nan	nan	nan	nan	nan	nan	5.558513e-306	1.188318e-312	-4.624855e+245	
nan	nan	nan	nan	nan	nan	nan	nan	0.000000e+00	7.078497e-268	-1.197503e+294	
nan	nan	nan	nan	nan	nan	nan	nan	0.000000e+00	0.000000e+00	-8.136720e+211	
nan	nan	nan	nan	nan	nan	nan	nan	0.000000e+00	7.059522e-316	-5.176338e+129	
nan	nan	nan	nan	nan	nan	nan	nan	0.000000e+00	7.078497e-268	-1.412926e+57	
nan	nan	nan	nan	nan	nan	nan	nan	0.000000e+00	1.233391e-267	-8.964930e-26	
nan	nan	nan	nan	nan	nan	nan	nan	0.000000e+00	1.233354e-267	-6.105587e-108	
nan	nan	nan	nan	nan	nan	nan	nan	0.000000e+00	3.923570e-311	-3.873269e-190	
nan	nan	nan	nan	nan	nan	nan	nan	1.354542e+248	7.078275e-268	-2.453821e-272	
nan	nan	nan	nan	nan	nan	nan	nan	3.767303e+175	0.000000e+00	2.154284e+272	
nan	nan	nan	nan	nan	nan	nan	nan	2.364770e+233	7.059522e-316	1.415718e+190	
nan	nan	nan	nan	nan	nan	nan	nan	3.239190e+161	1.227946e-267	9.304960e+107	
nan	nan	nan	nan	nan	nan	nan	nan	1.303900e-76	1.718817e-312	3.848942e+30	
nan	nan	nan	nan	nan	nan	nan	nan	1.316417e-259	5.574810e-306	1.574653e+156	
nan	nan	nan	nan	nan	nan	nan	nan	6.556412e-14	0.000000e+00	3.778157e+233	
nan	nan	nan	nan	nan	nan	nan	nan	5.834684e+252	7.059523e-316	-2.802370e-306	
nan	nan	nan	nan	nan	nan	nan	nan	1.303731e-76	1.227955e-267	-4.471961e-224	
nan	nan	nan	nan	nan	nan	nan	nan	4.262067e-86	8.487983e-313	-6.482431e-142	
nan	nan	nan	nan	nan	nan	nan	nan	4.682843e+252	1.233391e-267	-1.038387e-59	
nan	nan	nan	nan	nan	nan	nan	nan	4.555935e+228	1.233132e-267	-3.902185e+13	
nan	nan	nan	nan	nan	nan	nan	nan	1.303731e-76	7.059524e-316	-6.278378e+95	
nan	nan	nan	nan	nan	nan	nan	nan	1.159170e-12	1.227964e-267	-9.055986e+177	
nan	nan	nan	nan	nan	nan	nan	nan	3.597070e+252	8.487983e-313	-1.456138e+260	
nan	nan	nan	nan	nan	nan	nan	nan	2.663319e-260	1.233391e-267	-4.111464e+279	
nan	nan	nan	nan	nan	nan	nan	nan	6.787644e+78	1.233354e-267	-1.710528e+202	
nan	nan	nan	nan	nan	nan	nan	nan	5.556601e-306	7.059524e-316	-7.104152e+124	
nan	nan	nan	nan	nan	nan	nan	nan	9.082142e-311	1.227974e-267	-4.843451e+42	
nan	nan	nan	nan	nan	nan	nan	nan	4.366280e+228	1.719523e-312	-3.068841e-40	
nan	nan	nan	nan	nan	nan	nan	nan	1.179502e-307	1.233384e-267	-8.340538e-113	
nan	nan	nan	nan	nan	nan	nan	nan	1.164967e-72	0.000000e+00	-5.267162e-195	
nan	nan	nan	nan	nan	nan	nan	nan	6.488474e+175	7.059525e-316	-3.320036e-277	
nan	nan	nan	nan	nan	nan	nan	nan	4.418289e-62	1.227981e-267	7.349726e+257	
nan	nan	nan	nan	nan	nan	nan	nan	6.230937e+228	8.487983e-313	4.632359e+175	
nan	nan	nan	nan	nan	nan	nan	nan	1.178203e-307	1.233206e-267	1.251404e+103	
nan	nan	nan	nan	nan	nan	nan	nan	1.063616e+94	1.233169e-267	3.381820e+83	
nan	nan	nan	nan	nan	nan	nan	nan	9.000693e-308	7.059525e-316	7.539029e+165	
nan	nan	nan	nan	nan	nan	nan	nan	1.222107e+94	1.227990e-267	1.753029e+243	
nan	nan	nan	nan	nan	nan	nan	nan	1.167800e+164	8.487983e-313	-8.266189e-292	
nan	nan	nan	nan	nan	nan	nan	nan	4.132844e-62	1.233243e-267	-2.037181e-214	
nan	nan	nan	nan	nan	nan	nan	nan	9.843375e+25	0.000000e+00	-5.004418e-137	
nan	nan	nan	nan	nan	nan	nan	nan	1.145350e-72	7.059525e-316	-8.030276e-55	
nan	nan	nan	nan	nan	nan	nan	nan	5.011824e+173	1.228002e-267	-1.160991e+28	
nan	nan	nan	nan	nan	nan	nan	nan	1.032756e-47	5.114010e-312	-1.862252e+110	
nan	nan	nan	nan	nan	nan	nan	nan	1.703662e+16	5.574810e-306	-6.932127e+182	
nan	nan	nan	nan	nan	nan	nan	nan	5.303790e+180	1.233243e-267	-1.005072e+265	
nan	nan	nan	nan	nan	nan	nan	nan	3.217535e-86	7.059526e-316	-8.578322e+269	
nan	nan	nan	nan	nan	nan	nan	nan	6.236917e+228	1.228012e-267	-3.695807e+192	
nan	nan	nan	nan	nan	nan	nan	nan	2.897548e-57	8.487983e-313	-2.428858e+110	
nan	nan	nan	nan	nan	nan	nan	nan	6.236917e+228	1.233243e-267	-1.005849e+33	
nan	nan	nan	nan	nan	nan	nan	nan	1.350923e+241	1.233576e-267	-4.156501e-45	
nan	nan	nan	nan	nan	nan	nan	nan	6.289858e-92	7.059527e-316	-2.846384e-127	
nan	nan	nan	nan	nan	nan	nan	nan	2.175440e+243	1.228022e-267	-1.794336e-209	
nan	nan	nan	nan	nan	nan	nan	nan	3.418657e-86	8.487983e-313	-4.848248e-282	
nan	nan	nan	nan	nan	nan	nan	nan	2.650372e+180	1.233576e-267	9.838313e+252	
nan	nan	nan	nan	nan	nan	nan	nan	1.303891e-76	0.000000e+00	6.160300e+170	
nan	nan	nan	nan	nan	nan	nan	nan	6.482293e+175	7.059527e-316	4.244614e+88	
nan	nan	nan	nan	nan	nan	nan	nan	1.165269e+164	1.228036e-267	1.475928e+98	
nan	nan	nan	nan	nan	nan	nan	nan	1.160257e-72	8.700183e-313	3.636039e+175	
nan	nan	nan	nan	nan	nan	nan	nan	1.568315e+185	5.574810e-306	8.449249e+252	
nan	nan	nan	nan	nan	nan	nan	nan	3.258068e-86	0.000000e+00	-4.196739e-282	
nan	nan	nan	nan	nan	nan	nan	nan	9.755801e+199	7.059528e-316	-9.752193e-205	
nan	nan	nan	nan	nan	nan	nan	nan	9.000659e-308	1.228049e-267	-1.485143e-122	
nan	nan	nan	nan	nan	nan	nan	nan	9.997944e-307	8.487983e-313	-3.624827e-45	
nan	nan	nan	nan	nan	nan	nan	nan	2.175440e+243	1.233576e-267	-8.827217e+32	
nan	nan	nan	nan	nan	nan	nan	nan	3.418666e-86	0.000000e+00	-1.282254e+115	
nan	nan	nan	nan	nan	nan	nan	nan	6.230914e+228	7.059529e-316	-2.045755e+197	
nan	nan	nan	nan	nan	nan	nan	nan	1.400712e-307	1.228060e-267	-7.578691e+269	
nan	nan	nan	nan	nan	nan	nan	nan	6.230914e+228	8.700183e-313	-1.766363e+260	
nan	nan	nan	nan	nan	nan	nan	nan	2.593543e+180	5.574810e-306	-7.937144e+182	
nan	nan	nan	nan	nan	nan	nan	nan	1.303556e-76	1.233539e-267	-4.998086e+100	
nan	nan	nan	nan	nan	nan	nan	nan	3.293670e+180	7.059529e-316	-2.151922e+23	
nan	nan	nan	nan	nan	nan	nan	nan	1.646291e-260	1.228070e-267	-1.413726e-59	
nan	nan	nan	nan	nan	nan	nan	nan	2.255200e-307	1.188318e-312	-5.820056e-137	
nan	nan	nan	nan	nan	nan	nan	nan	6.310744e-92	1.230034e-267	-2.389380e-214	
nan	nan	nan	nan	nan	nan	nan	nan	6.239911e+228	0.000000e+00	-1.492783e-296	
nan	nan	nan	nan	nan	nan	nan	nan	3.141560e+231	7.059530e-316	3.330567e+238	
nan	nan	nan	nan	nan	nan	nan	nan	1.815310e-306	1.230056e-267	2.080055e+156	
nan	nan	nan	nan	nan	nan	nan	nan	5.948298e+228	1.233702e-267	5.564942e+83	
nan	nan	nan	nan	nan	nan	nan	nan	1.303691e-76	1.233960e-267	1.137649e+103	
nan	nan	nan	nan	nan	nan	nan	nan	1.441645e+214	2.242950e-311	1.732299e+185	
nan	nan	nan	nan	nan	nan	nan	nan	4.133066e+262	1.230463e-267	2.637220e+267	
nan	nan	nan	nan	nan	nan	nan	nan	6.310744e-92	0.000000e+00	-1.988422e-272	
nan	nan	nan	nan	nan	nan	nan	nan	4.133054e+262	7.059530e-316	-4.618305e-195	
nan	nan	nan	nan	nan	nan	nan	nan	1.815310e-306	1.228092e-267	-7.354493e-113	
nan	nan	nan	nan	nan	nan	nan	nan	3.802528e+255	8.487983e-313	-1.708197e-35	
nan	nan	nan	nan	nan	nan	nan	nan	2.085812e-306	1.233642e-267	-2.600160e+47	
nan	nan	nan	nan	nan	nan	nan	nan	2.183132e+243	1.233850e-267	-6.301544e+124	
nan	nan	nan	nan	nan	nan	nan	nan	3.217590e-86	7.059531e-316	-1.463420e+202	
nan	nan	nan	nan	nan	nan	nan	nan	7.200414e+252	1.228105e-267	-7.581275e+269	
nan	nan	nan	nan	nan	nan	nan	nan	1.397368e-76	8.487983e-313	-5.999046e+245	
nan	nan	nan	nan	nan	nan	nan	nan	3.813915e+180	1.233850e-267	-2.465565e+168	
nan	nan	nan	nan	nan	nan	nan	nan	4.582400e+252	1.234034e-267	-1.061258e+91	
nan	nan	nan	nan	nan	nan	nan	nan	3.418611e-86	7.059532e-316	-4.568801e+13	
nan	nan	nan	nan	nan	nan	nan	nan	2.887002e+214	1.228120e-267	-2.856341e-69	
nan	nan	nan	nan	nan	nan	nan	nan	1.163030e-72	1.719523e-312	-1.229221e-146	
nan	nan	nan	nan	nan	nan	nan	nan	1.776314e-77	1.233990e-267	-8.071713e-229	
nan	nan	nan	nan	nan	nan	nan	nan	5.583668e+228	0.000000e+00	-3.295561e-306	
nan	nan	nan	nan	nan	nan	nan	nan	1.898126e-52	7.059532e-316	4.335852e+233	
nan	nan	nan	nan	nan	nan	nan	nan	1.462075e-306	1.228128e-267	2.682257e+151	
nan	nan	nan	nan	nan	nan	nan	nan	8.886892e+175	8.487983e-313	1.867959e+69	
nan	nan	nan	nan	nan	nan	nan	nan	1.459317e-306	1.233665e-267	3.361679e+117	
nan	nan	nan	nan	nan	nan	nan	nan	1.518319e+243	0.000000e+00	1.246886e+190	
nan	nan	nan	nan	nan	nan	nan	nan	1.178200e-307	7.059533e-316	1.982573e+272	
nan	nan	nan	nan	nan	nan	nan	nan	5.618583e+175	1.228137e-267	-8.940295e-263	
nan	nan	nan	nan	nan	nan	nan	nan	4.133066e+262	8.487983e-313	-1.420906e-180	
nan	nan	nan	nan	nan	nan	nan	nan	9.992661e-307	1.233702e-267	-5.248134e-108	
nan	nan	nan	nan	nan	nan	nan	nan	4.133051e+262	1.233960e-267	-7.985425e-26	
nan	nan	nan	nan	nan	nan	nan	nan	9.997944e-307	7.059533e-316	-1.215034e+57	
nan	nan	nan	nan	nan	nan	nan	nan	4.133069e+262	1.228148e-267	-2.934962e+134	
nan	nan	nan	nan	nan	nan	nan	nan	4.663247e-86	1.719523e-312	-6.813415e+211	
nan	nan	nan	nan	nan	nan	nan	nan	4.072883e+233	1.233990e-267	-3.398504e+279	
nan	nan	nan	nan	nan	nan	nan	nan	1.178206e-307	0.000000e+00	-1.205241e+236	
nan	nan	nan	nan	nan	nan	nan	nan	7.698586e+218	7.059534e-316	-5.188184e+158	
nan	nan	nan	nan	nan	nan	nan	nan	1.304229e-76	1.228155e-267	-2.232860e+81	
nan	nan	nan	nan	nan	nan	nan	nan	4.445328e+175	8.487983e-313	-1.388175e-01	
nan	nan	nan	nan	nan	nan	nan	nan	4.133051e+262	1.233665e-267	-5.971778e-79	
nan	nan	nan	nan	nan	nan	nan	nan	1.304365e-76	1.233776e-267	-2.568953e-156	
nan	nan	nan	nan	nan	nan	nan	nan	2.663763e+233	7.059534e-316	-1.591021e-238	
nan	nan	nan	nan	nan	nan	nan	nan	1.462103e-306	1.228164e-267	2.110190e+301	
nan	nan	nan	nan	nan	nan	nan	nan	2.183132e+243	8.487983e-313	1.451118e+219	
nan	nan	nan	nan	nan	nan	nan	nan	1.892030e+219	1.233850e-267	9.122267e+136	
nan	nan	nan	nan	nan	nan	nan	nan	4.805032e+257	0.000000e+00	2.494393e+64	
nan	nan	nan	nan	nan	nan	nan	nan	1.770004e-77	7.059535e-316	2.513388e+122	
nan	nan	nan	nan	nan	nan	nan	nan	2.027492e+267	1.228175e-267	3.668277e+204	
nan	nan	nan	nan	nan	nan	nan	nan	4.133072e+262	2.567615e-312	5.821165e+286	
nan	nan	nan	nan	nan	nan	nan	nan	3.418614e-86	5.574810e-306	-6.640604e-258	
nan	nan	nan	nan	nan	nan	nan	nan	2.166954e+233	0.000000e+00	-1.049967e-175	
nan	nan	nan	nan	nan	nan	nan	nan	1.577289e-52	7.059535e-316	-1.537614e-93	
nan	nan	nan	nan	nan	nan	nan	nan	2.507213e+267	1.228187e-267	-2.430310e-11	
nan	nan	nan	nan	nan	nan	nan	nan	1.776315e-77	8.487983e-313	-8.929524e+61	
nan	nan	nan	nan	nan	nan	nan	nan	1.514023e+103	1.233739e-267	-1.309717e+144	
nan	nan	nan	nan	nan	nan	nan	nan	4.901247e+252	7.059850e-316	-4.810647e+216	
nan	nan	nan	nan	nan	nan	nan	nan	4.133063e+262	7.059536e-316	-7.912759e+269	
nan	nan	nan	nan	nan	nan	nan	nan	1.304735e-76	1.228198e-267	-2.364603e+226	
nan	nan	nan	nan	nan	nan	nan	nan	1.027236e-307	8.707243e-313	-1.079599e+149	
nan	nan	nan	nan	nan	nan	nan	nan	1.776314e-77	5.574810e-306	-7.086911e+66	
nan	nan	nan	nan	nan	nan	nan	nan	1.996116e+161	0.000000e+00	-2.888274e-11	
nan	nan	nan	nan	nan	nan	nan	nan	3.217532e-86	7.059536e-316	-1.244716e-88	
nan	nan	nan	nan	nan	nan	nan	nan	8.308049e+151	1.228208e-267	-7.926275e-171	
nan	nan	nan	nan	nan	nan	nan	nan	3.145350e+231	1.188318e-312	-3.415187e-248	
nan	nan	nan	nan	nan	nan	nan	nan	1.815310e-306	1.236681e-267	7.256187e+286	
nan	nan	nan	nan	nan	nan	nan	nan	5.065091e+233	0.000000e+00	3.024499e+209	
nan	nan	nan	nan	nan	nan	nan	nan	1.303691e-76	7.059537e-316	1.258684e+132	
nan	nan	nan	nan	nan	nan	nan	nan	9.949064e+247	1.236704e-267	8.566132e+49	
nan	nan	nan	nan	nan	nan	nan	nan	3.217568e-86	1.234197e-267	7.368706e+136	
nan	nan	nan	nan	nan	nan	nan	nan	3.293670e+180	1.234382e-267	2.712659e+209	
nan	nan	nan	nan	nan	nan	nan	nan	3.797913e+255	1.105560e-311	4.283350e+291	
nan	nan	nan	nan	nan	nan	nan	nan	1.735625e+185	1.230079e-267	-1.943250e-243	
nan	nan	nan	nan	nan	nan	nan	nan	2.745791e+214	0.000000e+00	-3.067838e-161	
nan	nan	nan	nan	nan	nan	nan	nan	3.293670e+180	7.059537e-316	-1.125664e-88	
nan	nan	nan	nan	nan	nan	nan	nan	5.010832e+173	1.228225e-267	-1.772009e-06	
nan	nan	nan	nan	nan	nan	nan	nan	5.354390e+199	2.567615e-312	-2.604963e+76	
nan	nan	nan	nan	nan	nan	nan	nan	1.898126e-52	5.574810e-306	-9.543624e+148	
nan	nan	nan	nan	nan	nan	nan	nan	9.997944e-307	1.234308e-267	-2.140477e+226	
nan	nan	nan	nan	nan	nan	nan	nan	5.578392e+233	7.059538e-316	-1.157009e+265	
nan	nan	nan	nan	nan	nan	nan	nan	1.032890e-47	1.228238e-267	-8.136712e+211	
nan	nan	nan	nan	nan	nan	nan	nan	3.335684e+151	1.719523e-312	-3.506820e+134	
nan	nan	nan	nan	nan	nan	nan	nan	4.021896e-86	1.234448e-267	-9.581147e+61	
nan	nan	nan	nan	nan	nan	nan	nan	9.174803e+170	1.234271e-267	-6.299606e-21	
nan	nan	nan	nan	nan	nan	nan	nan	3.279090e-58	7.059539e-316	-4.141977e-103	
nan	nan	nan	nan	nan	nan	nan	nan	2.114696e+214	1.228247e-267	-1.724277e-180	
nan	nan	nan	nan	nan	nan	nan	nan	4.805032e+257	8.487983e-313	-7.429245e-258	
nan	nan	nan	nan	nan	nan	nan	nan	1.770004e-77	1.234234e-267	1.523057e+277	
nan	nan	nan	nan	nan	nan	nan	nan	2.663763e+233	1.234456e-267	6.560747e+199	
nan	nan	nan	nan	nan	nan	nan	nan	3.947209e-34	7.059539e-316	4.312286e+117	
nan	nan	nan	nan	nan	nan	nan	nan	5.804322e+180	1.228255e-267	1.790020e+40	
nan	nan	nan	nan	nan	nan	nan	nan	8.902669e-67	8.487983e-313	5.210981e+141	
nan	nan	nan	nan	nan	nan	nan	nan	7.915642e+223	1.234197e-267	7.928028e+223	
nan	nan	nan	nan	nan	nan	nan	nan	9.000667e-308	1.234382e-267	1.907440e+301	
nan	nan	nan	nan	nan	nan	nan	nan	3.031795e+180	7.059539e-316	-1.417689e-238	
nan	nan	nan	nan	nan	nan	nan	nan	3.609886e+130	1.228264e-267	-2.083661e-156	
nan	nan	nan	nan	nan	nan	nan	nan	2.173071e+11	8.707243e-313	-3.280303e-74	
nan	nan	nan	nan	nan	nan	nan	nan	1.303551e-76	1.234411e-267	-1.200520e-01	
nan	nan	nan	nan	nan	nan	nan	nan	1.402450e-307	0.000000e+00	-1.766708e+81	
nan	nan	nan	nan	nan	nan	nan	nan	7.404444e-38	7.059540e-316	-4.236789e+158	
nan	nan	nan	nan	nan	nan	nan	nan	3.124417e+209	1.228272e-267	-1.500195e+231	
nan	nan	nan	nan	nan	nan	nan	nan	4.471167e-33	8.487983e-313	-1.688279e+260	
nan	nan	nan	nan	nan	nan	nan	nan	3.858941e-86	1.234308e-267	-1.710048e+202	
nan	nan	nan	nan	nan	nan	nan	nan	4.537626e+223	0.000000e+00	-7.368583e+124	
nan	nan	nan	nan	nan	nan	nan	nan	1.400136e-306	7.059540e-316	-3.174650e+47	
nan	nan	nan	nan	nan	nan	nan	nan	1.346386e-307	1.228282e-267	-2.087016e-35	
nan	nan	nan	nan	nan	nan	nan	nan	5.039428e+180	5.114010e-312	-5.679791e-108	
nan	nan	nan	nan	nan	nan	nan	nan	1.449224e-47	5.574810e-306	-3.732991e-190	
nan	nan	nan	nan	nan	nan	nan	nan	4.510756e+223	0.000000e+00	-2.453821e-272	
nan	nan	nan	nan	nan	nan	nan	nan	1.400136e-306	7.059541e-316	3.286673e+267	
nan	nan	nan	nan	nan	nan	nan	nan	1.451363e-47	1.228294e-267	1.415718e+190	
nan	nan	nan	nan	nan	nan	nan	nan	1.064005e+248	2.567615e-312	8.937995e+107	
nan	nan	nan	nan	nan	nan	nan	nan	1.033291e-47	5.574810e-306	3.848942e+30	
nan	nan	nan	nan	nan	nan	nan	nan	7.350345e+223	0.000000e+00	2.402409e+151	
nan	nan	nan	nan	nan	nan	nan	nan	5.039428e+180	7.059542e-316	3.778157e+233	
nan	nan	nan	nan	nan	nan	nan	nan	1.198769e-71	1.228301e-267	-2.713364e-306	
nan	nan	nan	nan	nan	nan	nan	nan	7.350344e+223	8.487983e-313	-4.127106e-224	
nan	nan	nan	nan	nan	nan	nan	nan	5.039428e+180	1.234308e-267	-9.888961e-147	
nan	nan	nan	nan	nan	nan	nan	nan	9.049275e-43	1.234604e-267	-2.416550e-69	
nan	nan	nan	nan	nan	nan	nan	nan	1.910966e+74	7.059542e-316	-3.490405e+13	
nan	nan	nan	nan	nan	nan	nan	nan	3.620482e+262	1.228312e-267	-8.557540e+90	
nan	nan	nan	nan	nan	nan	nan	nan	9.000657e-308	8.707243e-313	-3.035965e+163	
nan	nan	nan	nan	nan	nan	nan	nan	6.482257e+175	5.574810e-306	-1.500386e+231	
nan	nan	nan	nan	nan	nan	nan	nan	4.799424e+226	0.000000e+00	-3.571445e+250	
nan	nan	nan	nan	nan	nan	nan	nan	1.145354e-72	7.059543e-316	-3.552113e+192	
nan	nan	nan	nan	nan	nan	nan	nan	5.065511e+233	1.228323e-267	-1.592017e+115	
nan	nan	nan	nan	nan	nan	nan	nan	1.011320e-307	8.487983e-313	-1.046415e+33	
nan	nan	nan	nan	nan	nan	nan	nan	1.160269e-72	1.234604e-267	-2.839251e-40	
nan	nan	nan	nan	nan	nan	nan	nan	1.465420e-306	0.000000e+00	-1.941341e-122	
nan	nan	nan	nan	nan	nan	nan	nan	2.379561e+185	7.059543e-316	-1.226162e-204	
nan	nan	nan	nan	nan	nan	nan	nan	9.000659e-308	1.228334e-267	-3.320036e-277	
nan	nan	nan	nan	nan	nan	nan	nan	3.620483e+262	8.700183e-313	7.049420e+257	
nan	nan	nan	nan	nan	nan	nan	nan	8.569069e+30	5.574810e-306	4.632359e+175	
nan	nan	nan	nan	nan	nan	nan	nan	2.699317e-307	1.234567e-267	1.909158e+98	
nan	nan	nan	nan	nan	nan	nan	nan	1.440341e+214	7.059544e-316	3.381820e+83	
nan	nan	nan	nan	nan	nan	nan	nan	1.349290e+241	1.228344e-267	7.224677e+165	
nan	nan	nan	nan	nan	nan	nan	nan	4.021844e-86	1.188318e-312	1.753029e+243	
nan	nan	nan	nan	nan	nan	nan	nan	2.149450e+183	1.224075e-267	-1.261022e-296	
nan	nan	nan	nan	nan	nan	nan	nan	4.825556e+175	7.078497e-268	-1.921148e-214	
nan	nan	nan	nan	nan	nan	nan	nan	8.861934e+245	7.059544e-316	-4.735695e-137	
nan	nan	nan	nan	nan	nan	nan	nan	6.022038e+175	1.224075e-267	-1.100618e-59	
nan	nan	nan	nan	nan	nan	nan	nan	2.450696e+267	1.234692e-267	-1.676346e+23	
nan	nan	nan	nan	nan	nan	nan	nan	1.996116e+161	1.234803e-267	-6.279682e+95	
nan	nan	nan	nan	nan	nan	nan	nan	1.349290e+241	3.416413e-312	-2.108511e+168	
nan	nan	nan	nan	nan	nan	nan	nan	4.222963e-86	1.232408e-267	-1.015338e+236	
nan	nan	nan	nan	nan	nan	nan	nan	1.359171e+248	1.234729e-267	-1.204991e+236	
nan	nan	nan	nan	nan	nan	nan	nan	1.784298e+161	7.059545e-316	-1.109804e+178	
nan	nan	nan	nan	nan	nan	nan	nan	1.647085e-260	1.228368e-267	-5.216811e+100	
nan	nan	nan	nan	nan	nan	nan	nan	1.920647e+88	8.487983e-313	-1.410525e+28	
nan	nan	nan	nan	nan	nan	nan	nan	8.972704e+165	1.234692e-267	-9.674422e-55	
nan	nan	nan	nan	nan	nan	nan	nan	1.033720e-47	1.234803e-267	-2.615109e-127	
nan	nan	nan	nan	nan	nan	nan	nan	6.500741e+175	7.059546e-316	-1.642247e-209	
nan	nan	nan	nan	nan	nan	nan	nan	4.591395e+279	1.228379e-267	-1.128821e-291	
nan	nan	nan	nan	nan	nan	nan	nan	1.303557e-76	8.700183e-313	2.290244e+243	
nan	nan	nan	nan	nan	nan	nan	nan	4.014974e+78	5.574810e-306	6.160300e+170	
nan	nan	nan	nan	nan	nan	nan	nan	1.359158e+248	0.000000e+00	4.045682e+88	
nan	nan	nan	nan	nan	nan	nan	nan	4.771539e+180	7.059546e-316	3.436412e+88	
nan	nan	nan	nan	nan	nan	nan	nan	1.448975e-70	1.228390e-267	5.546975e+170	
nan	nan	nan	nan	nan	nan	nan	nan	9.708625e-308	8.487983e-313	7.991019e+252	
nan	nan	nan	nan	nan	nan	nan	nan	2.811924e+161	1.234729e-267	-3.981540e-282	
nan	nan	nan	nan	nan	nan	nan	nan	1.303553e-76	0.000000e+00	-1.487770e-209	
nan	nan	nan	nan	nan	nan	nan	nan	3.418599e-86	7.059547e-316	-2.265697e-127	
nan	nan	nan	nan	nan	nan	nan	nan	5.031288e+180	1.228400e-267	-3.449662e-45	
nan	nan	nan	nan	nan	nan	nan	nan	1.186990e-65	1.188318e-312	-1.284786e+28	
nan	nan	nan	nan	nan	nan	nan	nan	5.792370e+250	1.230419e-267	-4.335893e+100	
nan	nan	nan	nan	nan	nan	nan	nan	1.398046e-76	0.000000e+00	-9.564505e+177	
nan	nan	nan	nan	nan	nan	nan	nan	3.031814e+180	7.059547e-316	-1.015338e+236	
nan	nan	nan	nan	nan	nan	nan	nan	8.396382e-308	1.230441e-267	-1.549666e+231	
nan	nan	nan	nan	nan	nan	nan	nan	6.848617e+25	1.235003e-267	-3.760745e+163	
nan	nan	nan	nan	nan	nan	nan	nan	6.960559e+252	1.235188e-267	-6.955061e+95	
nan	nan	nan	nan	nan	nan	nan	nan	4.132851e-62	2.243225e-309	-4.788703e+13	
nan	nan	nan	nan	nan	nan	nan	nan	2.117468e+214	5.574810e-306	-1.289020e-59	
nan	nan	nan	nan	nan	nan	nan	nan	9.533753e-307	0.000000e+00	-8.057438e-142	
nan	nan	nan	nan	nan	nan	nan	nan	2.214194e-52	7.059548e-316	-5.561099e-224	
nan	nan	nan	nan	nan	nan	nan	nan	9.973600e-307	1.228421e-267	-1.492484e-296	
nan	nan	nan	nan	nan	nan	nan	nan	9.572155e-308	8.487983e-313	3.004978e+238	
nan	nan	nan	nan	nan	nan	nan	nan	1.011320e-307	1.235373e-267	2.080054e+156	
nan	nan	nan	nan	nan	nan	nan	nan	1.774661e-77	1.235225e-267	1.295413e+74	
nan	nan	nan	nan	nan	nan	nan	nan	1.465905e-306	7.059548e-316	1.025662e+103	
nan	nan	nan	nan	nan	nan	nan	nan	8.905692e+252	1.228432e-267	1.647315e+185	
nan	nan	nan	nan	nan	nan	nan	nan	1.689315e-52	8.487983e-313	6.139083e+257	
nan	nan	nan	nan	nan	nan	nan	nan	2.085812e-306	1.235225e-267	-3.033541e-277	
nan	nan	nan	nan	nan	nan	nan	nan	1.637965e+190	0.000000e+00	-4.404258e-195	
nan	nan	nan	nan	nan	nan	nan	nan	1.457926e-306	7.059549e-316	-1.636418e-122	
nan	nan	nan	nan	nan	nan	nan	nan	1.637965e+190	1.228444e-267	-2.376465e-40	
nan	nan	nan	nan	nan	nan	nan	nan	4.995139e-63	8.487983e-313	-8.830386e+32	
nan	nan	nan	nan	nan	nan	nan	nan	4.635443e+175	1.234870e-267	-1.282252e+115	
nan	nan	nan	nan	nan	nan	nan	nan	6.304728e-92	1.235114e-267	-6.933423e+182	
nan	nan	nan	nan	nan	nan	nan	nan	1.637965e+190	7.059550e-316	-1.015338e+236	
nan	nan	nan	nan	nan	nan	nan	nan	6.304752e-92	1.228456e-267	-5.332473e+216	
nan	nan	nan	nan	nan	nan	nan	nan	1.637965e+190	8.487983e-313	-4.911439e+158	
nan	nan	nan	nan	nan	nan	nan	nan	1.769581e-77	1.235114e-267	-2.232860e+81	
nan	nan	nan	nan	nan	nan	nan	nan	7.724917e+228	0.000000e+00	-6.297717e+08	
nan	nan	nan	nan	nan	nan	nan	nan	1.303553e-76	7.059550e-316	-3.914528e-74	
nan	nan	nan	nan	nan	nan	nan	nan	7.175408e+73	1.228469e-267	-2.715195e-156	
nan	nan	nan	nan	nan	nan	nan	nan	6.960559e+252	8.700183e-313	-7.247233e-229	
nan	nan	nan	nan	nan	nan	nan	nan	3.418614e-86	1.235217e-267	1.449544e+306	
nan	nan	nan	nan	nan	nan	nan	nan	5.030419e+175	0.000000e+00	1.009067e+224	
nan	nan	nan	nan	nan	nan	nan	nan	3.217535e-86	7.059551e-316	2.681618e+151	
nan	nan	nan	nan	nan	nan	nan	nan	7.580939e+228	1.228480e-267	1.688857e+69	
nan	nan	nan	nan	nan	nan	nan	nan	3.279948e+178	8.487983e-313	7.824152e+107	
nan	nan	nan	nan	nan	nan	nan	nan	6.375459e-67	1.235003e-267	1.135499e+190	
nan	nan	nan	nan	nan	nan	nan	nan	1.029049e+248	1.235151e-267	1.813517e+272	
nan	nan	nan	nan	nan	nan	nan	nan	1.103163e+219	7.059552e-316	-2.080851e-272	
nan	nan	nan	nan	nan	nan	nan	nan	1.303691e-76	1.228491e-267	-3.307756e-190	
nan	nan	nan	nan	nan	nan	nan	nan	1.073858e+253	8.487983e-313	-4.821504e-108	
nan	nan	nan	nan	nan	nan	nan	nan	2.908903e-33	1.235114e-267	-1.783431e-35	
