229	230	236	228	231	233	234	235	237	224	238	237	238	231	234	233	226	226	238	239	221	227	243	225	238	230	247	236	237	246	215	240	228	238	228	237	226	227	233	229	226	228	227	229	236	231	226	232	223	232	232	227	231	231	228	221	218	225	221	221	226	232	224	226	219	221	217	219	218	210	213	212	212	218	213	210	210	204	212	209	216	209	206	
238	242	238	226	234	234	234	231	227	234	237	229	228	230	231	237	233	229	227	238	237	240	239	235	235	227	228	246	241	220	236	238	226	233	237	233	232	224	228	229	230	223	238	232	215	230	227	227	227	221	226	226	222	220	217	220	227	225	228	218	224	218	218	223	215	223	218	218	221	224	219	215	216	217	215	221	213	212	208	212	211	206	209	
240	236	241	235	235	238	240	227	234	230	235	233	228	230	236	229	229	233	235	240	225	242	239	228	237	239	240	237	250	232	231	238	221	225	226	226	243	234	237	226	224	226	231	234	226	219	229	228	220	213	227	229	220	216	228	224	228	226	226	226	220	215	220	217	222	225	215	208	220	217	217	213	213	212	214	218	216	207	213	211	213	210	207	
241	239	239	245	240	237	236	237	238	233	238	231	240	229	232	236	232	240	244	241	233	237	245	244	235	238	236	245	231	246	239	237	236	237	236	233	233	225	231	235	226	231	231	235	232	226	229	229	228	228	220	223	225	228	231	224	228	220	225	226	223	212	218	225	225	219	223	218	222	218	222	214	219	222	210	213	212	209	213	204	216	203	213	
246	254	255	245	243	249	250	242	243	239	238	246	243	250	245	242	246	243	237	243	251	252	249	239	254	259	251	246	248	243	265	244	240	238	235	247	234	236	233	233	236	238	231	226	230	232	223	226	229	230	224	228	236	223	235	227	228	217	224	223	220	220	220	214	225	229	219	221	216	210	221	213	213	217	211	212	205	213	210	210	214	215	212	
250	250	248	251	259	252	260	258	244	251	252	260	245	256	253	256	248	255	254	260	251	268	262	275	287	296	284	277	313	263	314	271	244	254	264	254	252	245	253	250	243	245	238	246	239	240	239	236	240	246	237	230	234	226	222	242	235	229	230	231	220	233	226	220	230	228	225	219	223	226	220	214	221	217	220	223	222	218	209	214	216	212	205	
244	255	250	256	253	266	242	248	243	255	245	250	251	256	248	250	248	253	251	249	255	256	262	284	254	320	302	266	296	280	280	310	276	254	267	254	262	258	248	240	246	252	244	241	236	248	254	240	243	249	249	242	241	237	246	237	235	234	229	237	236	238	240	231	239	232	229	227	231	234	222	230	228	232	232	216	217	230	220	216	213	219	221	
238	237	246	244	246	238	236	239	245	239	243	247	239	238	242	241	239	239	253	230	247	248	250	238	260	260	241	262	271	262	248	253	256	268	256	243	246	247	245	237	239	237	239	244	237	238	239	242	229	243	240	238	236	238	240	243	237	232	230	232	236	235	231	232	225	221	230	236	226	227	234	218	219	216	213	228	220	216	217	218	221	215	215	
233	232	243	235	249	237	234	237	235	240	242	239	233	240	234	230	234	249	232	228	243	237	245	230	236	255	228	254	253	240	240	259	249	256	244	241	238	239	234	238	238	241	239	233	243	226	234	232	234	238	231	234	231	231	225	225	234	230	232	228	225	226	227	225	230	227	226	224	217	215	227	223	216	226	221	220	216	216	218	218	215	209	210	
239	242	244	241	237	237	236	240	234	230	241	241	244	242	237	230	228	228	233	228	234	238	236	243	236	238	248	231	249	238	232	259	230	255	231	244	243	237	238	235	228	232	237	233	236	233	227	235	230	229	233	231	234	224	229	222	228	234	225	218	234	233	229	216	216	216	217	218	215	218	214	219	218	221	219	212	214	216	214	215	210	213	216	
237	238	234	243	240	243	227	226	239	242	233	234	238	225	236	232	231	236	233	236	243	239	229	240	235	226	231	249	231	244	236	245	234	231	240	236	231	228	225	236	228	239	229	223	228	228	242	228	222	232	235	229	225	227	226	231	228	229	228	230	228	222	223	225	222	229	226	220	219	222	216	217	216	217	217	217	215	217	218	215	204	210	212	
234	241	237	242	230	239	238	238	232	226	231	223	231	236	233	228	237	241	244	230	233	235	252	223	229	233	233	239	254	232	247	230	239	239	233	229	237	231	234	233	230	235	236	222	236	228	230	228	226	232	221	232	230	221	225	223	222	221	226	214	222	231	223	222	214	217	215	223	213	214	219	212	223	225	229	220	209	212	211	210	203	212	213	
234	236	242	242	241	230	228	240	234	238	229	243	238	224	231	235	232	231	229	243	232	238	225	229	234	230	236	238	231	236	239	219	222	246	229	243	225	237	225	227	224	225	225	230	221	229	220	228	227	236	228	234	224	227	218	224	232	226	233	222	217	223	219	222	231	228	210	212	213	214	212	213	212	216	216	208	212	214	217	204	213	215	213	
